0,0,0,0,0,0,0,0,0,0,0,0,0,0,0,0,0,0,0,0,0,0,0,0,0,0,0,0,0,0,0,0,0,0,0,0,0,0,0,0,0,0,0,0,0
0.25758,5.2197,5.768,4.8298,0.44989,0.47995,0.42799,0.1095,0.12906,0.092145,0.012412,0.015713,0.0098909,0.0012025,0.001534,0.00095275,0.2326,0.25325,0.21414,0.23063,0.24716,0.21346,0.087735,0.10729,0.069833,0.010325,0.013625,0.0077515,0.0010037,0.0013352,0.00074897,4.9871,5.5302,4.6015,0.21927,0.24315,0.20231,0.021768,0.024138,0.020085,0.0020873,0.0023147,0.0019259,0.00019881,0.00022046
0.51515,7.7753,8.3053,7.3354,0.56419,0.5953,0.54016,0.1753,0.19565,0.15317,0.023349,0.029575,0.01846,0.0023037,0.0029634,0.0018006,0.2326,0.25325,0.21414,0.23256,0.253,0.21412,0.14238,0.16289,0.11984,0.020192,0.026414,0.015259,0.002003,0.0026624,0.0014957,7.5427,8.0692,7.1047,0.33164,0.35478,0.31237,0.032923,0.035221,0.031011,0.0031571,0.0033773,0.0029737,0.00030068,0.00032166
0.77273,9.085,9.4901,8.6875,0.62183,0.64779,0.59816,0.21505,0.23301,0.19399,0.033326,0.04213,0.026259,0.0033509,0.0043352,0.0025953,0.2326,0.25325,0.21414,0.2326,0.25324,0.21414,0.17641,0.19491,0.15519,0.029621,0.038416,0.022529,0.002998,0.0039815,0.0022401,8.8524,9.2576,8.4567,0.38923,0.40704,0.37182,0.03864,0.040409,0.036913,0.0037052,0.0038747,0.0035396,0.00035289,0.00036903
1.0303,9.7562,10.098,9.4199,0.65135,0.6726,0.62863,0.23917,0.2537,0.22083,0.042617,0.053679,0.033562,0.0043684,0.0056735,0.0033623,0.2326,0.25325,0.21414,0.2326,0.25326,0.21414,0.1976,0.2126,0.17924,0.038631,0.049681,0.029571,0.0039887,0.0052927,0.0029822,9.5236,9.8626,9.1891,0.41874,0.43364,0.40403,0.04157,0.04305,0.040109,0.0039862,0.004128,0.0038462,0.00037964,0.00039315
1.2879,10.1,10.428,9.7833,0.66647,0.68602,0.64465,0.25388,0.26741,0.23859,0.051371,0.064398,0.040512,0.0053685,0.0069907,0.0041146,0.2326,0.25325,0.21414,0.2326,0.25325,0.21414,0.2108,0.22418,0.19549,0.047241,0.060254,0.036391,0.0049752,0.0065961,0.0037221,9.8676,10.196,9.5442,0.43387,0.44832,0.41964,0.043071,0.044507,0.041659,0.0041302,0.0042677,0.0039947,0.00039334,0.00040645
1.5455,10.277,10.6,9.9579,0.67422,0.69351,0.65246,0.26287,0.27569,0.24988,0.059673,0.074397,0.047181,0.0063578,0.0082933,0.0048584,0.2326,0.25325,0.21414,0.2326,0.25325,0.21414,0.21903,0.23174,0.2065,0.055469,0.070178,0.042996,0.0059574,0.0078916,0.0044598,10.044,10.368,9.7189,0.44161,0.45587,0.42732,0.043841,0.045256,0.042421,0.004204,0.0043397,0.0040678,0.00040037,0.00041329
1.803,10.367,10.687,10.048,0.67818,0.69732,0.65643,0.26838,0.28059,0.25459,0.067574,0.083749,0.05361,0.0073393,0.0095847,0.0055969,0.2326,0.25325,0.21414,0.2326,0.25325,0.21414,0.22415,0.23656,0.20991,0.063332,0.079492,0.049393,0.0069354,0.0091792,0.0051952,10.134,10.455,9.8087,0.44558,0.45969,0.43127,0.044235,0.045636,0.042815,0.0042417,0.004376,0.0041055,0.00040398,0.00041677
2.0606,10.413,10.731,10.094,0.68022,0.69924,0.65846,0.27177,0.28492,0.25669,0.075107,0.092511,0.059821,0.0083149,0.010867,0.0063315,0.2326,0.25325,0.21414,0.2326,0.25325,0.21414,0.22734,0.24088,0.21184,0.070846,0.088233,0.055588,0.0079091,0.010459,0.0059283,10.181,10.499,9.8552,0.44762,0.46162,0.43331,0.044437,0.045827,0.043017,0.0042611,0.0043943,0.0041249,0.00040581,0.00041851
2.3182,6.3068,6.8358,5.9715,0.5011,0.52588,0.48127,0.25527,0.26843,0.23998,0.082297,0.10073,0.065829,0.0092854,0.01214,0.0070632,0.2326,0.25325,0.21414,0.2326,0.25325,0.21414,0.22797,0.24198,0.2122,0.078026,0.096438,0.061588,0.0088786,0.011731,0.0066593,6.0742,6.6039,5.7301,0.26849,0.28923,0.2466,0.027299,0.028883,0.024903,0.0042711,0.0044037,0.0041349,0.00040677,0.0004194
2.5758,3.3455,3.771,2.8588,0.3702,0.39455,0.34813,0.24196,0.25517,0.22661,0.089164,0.10843,0.071644,0.010251,0.013405,0.0077923,0.2326,0.25325,0.21414,0.2326,0.25325,0.21414,0.22797,0.24198,0.2122,0.084888,0.10414,0.067399,0.009844,0.012996,0.007388,3.1129,3.5391,2.621,0.1376,0.15718,0.11272,0.013991,0.015882,0.011382,0.0042761,0.0044083,0.00414,0.00040724,0.00041984
2.8333,1.8279,2.1635,1.4357,0.30312,0.32332,0.28241,0.23514,0.24856,0.21967,0.095723,0.11566,0.077274,0.011213,0.014662,0.008519,0.2326,0.25325,0.21414,0.2326,0.25325,0.21414,0.22797,0.24198,0.2122,0.091445,0.11137,0.073027,0.010805,0.014253,0.0081144,1.5953,1.9381,1.1979,0.070518,0.086372,0.051517,0.00717,0.0087334,0.0052024,0.0042788,0.0044107,0.0041428,0.00040751,0.00042007
3.0909,1.0502,1.2911,0.78534,0.26874,0.28607,0.25077,0.23164,0.24526,0.21608,0.10199,0.12245,0.082726,0.01217,0.015912,0.0092433,0.2326,0.25325,0.21414,0.2326,0.25325,0.21414,0.22797,0.24198,0.2122,0.097711,0.11815,0.078477,0.011762,0.015502,0.0088387,0.8176,1.0658,0.54754,0.03614,0.047496,0.023547,0.0036745,0.0048024,0.0023778,0.00428,0.0044119,0.0041441,0.00040762,0.00042017
3.3485,0.6516,0.81141,0.48805,0.25112,0.2688,0.2341,0.22985,0.24361,0.21421,0.10798,0.12881,0.088005,0.013123,0.017153,0.0099654,0.2326,0.25325,0.21414,0.2326,0.25325,0.21414,0.22797,0.24198,0.2122,0.1037,0.12452,0.083756,0.012715,0.016744,0.0095608,0.41899,0.58606,0.25025,0.018521,0.026118,0.010762,0.0018832,0.0026408,0.0010868,0.0042808,0.0044125,0.0041448,0.00040769,0.00042024
3.6061,0.44733,0.54764,0.35218,0.2421,0.26093,0.22451,0.22893,0.24279,0.21324,0.1137,0.13479,0.093118,0.014072,0.018388,0.010685,0.2326,0.25325,0.21414,0.2326,0.25325,0.21414,0.22797,0.24198,0.2122,0.10942,0.13049,0.088869,0.013664,0.017979,0.010281,0.21473,0.32228,0.11438,0.0094917,0.014362,0.0049191,0.00096508,0.0014522,0.00049673,0.0042811,0.0044128,0.0041452,0.00040773,0.00042027
3.8636,0.34265,0.40385,0.29008,0.23747,0.25705,0.21953,0.22846,0.24238,0.21274,0.11917,0.1404,0.098069,0.015016,0.019615,0.011403,0.2326,0.25325,0.21414,0.2326,0.25325,0.21414,0.22797,0.24198,0.2122,0.11489,0.1361,0.09382,0.014609,0.019205,0.010998,0.11005,0.17722,0.052279,0.0048644,0.0078974,0.0022483,0.00049458,0.00079856,0.00022703,0.0042813,0.004413,0.0041453,0.00040774,0.00042028
4.1212,0.289,0.32837,0.2569,0.2351,0.25513,0.21694,0.22822,0.24218,0.21248,0.1244,0.14566,0.10287,0.015957,0.020834,0.012119,0.2326,0.25325,0.21414,0.2326,0.25325,0.21414,0.22797,0.24198,0.2122,0.12011,0.14136,0.098616,0.015549,0.020425,0.011714,0.056397,0.097449,0.023895,0.0024929,0.0043427,0.0010276,0.00025347,0.00043912,0.00010376,0.0042814,0.0044131,0.0041455,0.00040775,0.00042029
4.3788,0.26151,0.28743,0.23852,0.23388,0.25418,0.21559,0.2281,0.24208,0.21235,0.12939,0.1506,0.10751,0.016894,0.022047,0.012832,0.2326,0.25325,0.21414,0.2326,0.25325,0.21414,0.22797,0.24198,0.2122,0.12511,0.1463,0.10326,0.016486,0.021637,0.012427,0.028903,0.053586,0.010921,0.0012776,0.0023881,0.00046968,0.00012991,0.00024146,4.7422e-05,0.0042814,0.0044131,0.0041455,0.00040776,0.0004203
4.6364,0.24742,0.26529,0.22893,0.23326,0.25371,0.21489,0.22803,0.24203,0.21228,0.13416,0.15524,0.11201,0.017826,0.023252,0.013543,0.2326,0.25325,0.21414,0.2326,0.25325,0.21414,0.22797,0.24198,0.2122,0.12988,0.15094,0.10776,0.017418,0.022842,0.013138,0.014813,0.029467,0.0049918,0.00065475,0.0013132,0.00021467,6.6578e-05,0.00013277,2.1671e-05,0.0042814,0.0044131,0.0041455,0.00040776,0.0004203
4.8939,0.24019,0.25832,0.22295,0.23294,0.25348,0.21453,0.228,0.242,0.21224,0.13872,0.15959,0.11636,0.018755,0.024449,0.014252,0.2326,0.25325,0.21414,0.2326,0.25325,0.21414,0.22797,0.24198,0.2122,0.13444,0.15529,0.11211,0.018347,0.02404,0.013847,0.007591,0.016204,0.0022815,0.00033554,0.00072212,9.8107e-05,3.412e-05,7.3015e-05,9.8997e-06,0.0042815,0.0044131,0.0041455,0.00040776,0.00042029
5.1515,0.23649,0.25575,0.21883,0.23278,0.25337,0.21434,0.22799,0.24199,0.21222,0.14308,0.16367,0.12058,0.019679,0.02564,0.014959,0.2326,0.25325,0.21414,0.2326,0.25325,0.21414,0.22797,0.24198,0.2122,0.1388,0.15938,0.11633,0.019271,0.02523,0.014554,0.0038903,0.0089105,0.0010428,0.00017195,0.00039708,4.4836e-05,1.7478e-05,4.0158e-05,4.527e-06,0.0042815,0.0044132,0.0041456,0.00040775,0.0004203
5.4091,0.2346,0.25449,0.21658,0.23269,0.25331,0.21424,0.22798,0.24198,0.21221,0.14724,0.16772,0.12467,0.0206,0.026823,0.015663,0.2326,0.25325,0.21414,0.2326,0.25325,0.21414,0.22797,0.24198,0.2122,0.14296,0.16347,0.12042,0.020192,0.026414,0.015259,0.0019938,0.0048998,0.00047663,8.8118e-05,0.00021834,2.0488e-05,8.9548e-06,2.2077e-05,2.0781e-06,0.0042815,0.0044131,0.0041456,0.00040777,0.00042031
5.6667,0.23363,0.25386,0.2154,0.23265,0.25328,0.21419,0.22797,0.24198,0.21221,0.15122,0.17165,0.12863,0.021516,0.027999,0.016366,0.2326,0.25325,0.21414,0.2326,0.25325,0.21414,0.22797,0.24198,0.2122,0.14694,0.1674,0.12438,0.021108,0.02759,0.015961,0.0010218,0.0026943,0.00021784,4.5154e-05,0.00012006,9.362e-06,4.6007e-06,1.2133e-05,9.3965e-07,0.0042815,0.0044131,0.0041456,0.00040778,0.00042032
5.9242,0.23313,0.25356,0.21479,0.23263,0.25327,0.21416,0.22797,0.24198,0.2122,0.15502,0.17536,0.13246,0.022429,0.029168,0.017066,0.2326,0.25325,0.21414,0.2326,0.25325,0.21414,0.22797,0.24198,0.2122,0.15074,0.1711,0.12821,0.022021,0.028759,0.016662,0.00052363,0.0014816,9.9558e-05,2.3139e-05,6.6022e-05,4.2865e-06,2.3473e-06,6.6845e-06,4.3802e-07,0.0042814,0.0044131,0.0041455,0.00040778,0.0004203
6.1818,0.23287,0.2534,0.21448,0.23262,0.25326,0.21415,0.22797,0.24198,0.2122,0.15866,0.17886,0.13612,0.023337,0.03033,0.017765,0.2326,0.25325,0.21414,0.2326,0.25325,0.21414,0.22797,0.24198,0.2122,0.15438,0.17461,0.13187,0.02293,0.029921,0.01736,0.00026836,0.00081471,4.5501e-05,1.1867e-05,3.6314e-05,1.9603e-06,1.2109e-06,3.6646e-06,1.924e-07,0.0042815,0.0044132,0.0041456,0.00040776,0.00042028
6.4394,0.23274,0.25333,0.21431,0.23261,0.25326,0.21414,0.22797,0.24198,0.2122,0.16213,0.18217,0.13967,0.024242,0.031485,0.018461,0.2326,0.25325,0.21414,0.2326,0.25325,0.21414,0.22797,0.24198,0.2122,0.15785,0.17792,0.13541,0.023834,0.031076,0.018056,0.00013754,0.00044801,2.0793e-05,6.0813e-06,1.9967e-05,8.8849e-07,6.1303e-07,2.0249e-06,9.499e-08,0.0042816,0.0044133,0.0041457,0.00040774,0.00042028
6.697,0.23267,0.25329,0.21423,0.23261,0.25326,0.21414,0.22797,0.24198,0.2122,0.16545,0.1853,0.1431,0.025143,0.032634,0.019155,0.2326,0.25325,0.21414,0.2326,0.25325,0.21414,0.22797,0.24198,0.2122,0.16117,0.18104,0.13884,0.024735,0.032224,0.01875,7.0489e-05,0.00024636,9.4989e-06,3.1089e-06,1.097e-05,4.1689e-07,3.2369e-07,1.1038e-06,3.6175e-08,0.0042817,0.0044133,0.0041458,0.00040776,0.00042035
6.9545,0.23264,0.25327,0.21418,0.23261,0.25326,0.21414,0.22797,0.24198,0.2122,0.16862,0.18825,0.14641,0.02604,0.033775,0.019847,0.2326,0.25325,0.21414,0.2326,0.25325,0.21414,0.22797,0.24198,0.2122,0.16434,0.184,0.14216,0.025632,0.033365,0.019442,3.6126e-05,0.00013548,4.3459e-06,1.6051e-06,6.0441e-06,1.8113e-07,1.5649e-07,6.1867e-07,1.7047e-08,0.0042816,0.0044131,0.0041457,0.00040783,0.00042041
7.2121,0.23262,0.25326,0.21416,0.2326,0.25326,0.21414,0.22797,0.24198,0.2122,0.17165,0.19104,0.14962,0.026933,0.034909,0.020536,0.2326,0.25325,0.21414,0.2326,0.25325,0.21414,0.22797,0.24198,0.2122,0.16737,0.18679,0.14536,0.026525,0.0345,0.020132,1.8507e-05,7.4499e-05,1.9929e-06,8.1157e-07,3.3145e-06,9.1027e-08,8.6713e-08,3.3057e-07,4.1957e-09,0.0042814,0.004413,0.0041455,0.00040788,0.00042041
7.4697,0.23261,0.25326,0.21415,0.2326,0.25326,0.21414,0.22797,0.24198,0.2122,0.17454,0.19367,0.15273,0.027822,0.036037,0.021224,0.2326,0.25325,0.21414,0.2326,0.25325,0.21414,0.22797,0.24198,0.2122,0.17026,0.18942,0.14847,0.027414,0.035627,0.020819,9.4792e-06,4.096e-05,9.0095e-07,4.2697e-07,1.8302e-06,3.7827e-08,4.5362e-08,1.8518e-07,-1.9592e-09,0.0042813,0.004413,0.0041454,0.00040786,0.00042033
7.7273,0.23261,0.25326,0.21414,0.2326,0.25326,0.21414,0.22797,0.24198,0.2122,0.17731,0.19616,0.15573,0.028708,0.037157,0.02191,0.2326,0.25325,0.21414,0.2326,0.25325,0.21414,0.22797,0.24198,0.2122,0.17303,0.19191,0.15147,0.0283,0.036748,0.021505,4.8689e-06,2.2516e-05,4.2218e-07,2.1104e-07,9.9817e-07,1.3949e-08,1.6318e-08,1.0683e-07,-4.8999e-09,0.0042814,0.0044132,0.0041454,0.00040778,0.00042023
7.9848,0.23261,0.25326,0.21414,0.2326,0.25326,0.21414,0.22797,0.24198,0.2122,0.17996,0.19852,0.15864,0.029589,0.038271,0.022593,0.2326,0.25325,0.21414,0.2326,0.25325,0.21414,0.22797,0.24198,0.2122,0.17567,0.19426,0.15438,0.029181,0.037862,0.022188,2.4879e-06,1.2391e-05,1.8362e-07,1.0967e-07,5.5987e-07,7.9299e-09,1.1745e-08,5.3611e-08,-7.6827e-09,0.0042816,0.0044132,0.0041456,0.00040767,0.00042018
8.2424,0.2326,0.25326,0.21414,0.2326,0.25325,0.21414,0.22797,0.24198,0.2122,0.18248,0.20074,0.16145,0.030467,0.039378,0.023275,0.2326,0.25325,0.21414,0.2326,0.25325,0.21414,0.22797,0.24198,0.2122,0.1782,0.19649,0.15719,0.030059,0.038969,0.02287,1.2783e-06,6.8112e-06,9.425e-08,6.1896e-08,2.981e-07,1.7789e-09,1.192e-08,2.8811e-08,-1.0876e-08,0.0042816,0.0044131,0.0041457,0.00040764,0.00042025
8.5,0.2326,0.25326,0.21414,0.2326,0.25325,0.21414,0.22797,0.24198,0.2122,0.1849,0.20284,0.16417,0.031341,0.040479,0.023954,0.2326,0.25325,0.21414,0.2326,0.25325,0.21414,0.22797,0.24198,0.2122,0.18062,0.19859,0.15991,0.030933,0.04007,0.023549,6.522e-07,3.7418e-06,3.577e-08,2.4169e-08,1.6812e-07,-5.6076e-09,1.9175e-11,2.3892e-08,-2.0419e-08,0.0042814,0.004413,0.0041456,0.00040772,0.0004203
8.7576,0.2326,0.25326,0.21414,0.2326,0.25325,0.21414,0.22797,0.24198,0.2122,0.18721,0.20482,0.1668,0.032211,0.041573,0.024631,0.2326,0.25325,0.21414,0.2326,0.25325,0.21414,0.22797,0.24198,0.2122,0.18292,0.20057,0.16255,0.031803,0.041164,0.024227,3.3944e-07,2.0636e-06,1.7087e-08,1.3122e-08,9.6801e-08,-6.8366e-09,-6.3488e-09,1.2692e-08,-2.7342e-08,0.0042814,0.0044131,0.0041455,0.00040776,0.00042029
9.0152,0.2326,0.25326,0.21414,0.2326,0.25325,0.21414,0.22797,0.24198,0.2122,0.18941,0.20669,0.16935,0.033077,0.04266,0.025306,0.2326,0.25325,0.21414,0.2326,0.25325,0.21414,0.22797,0.24198,0.2122,0.18513,0.20244,0.16509,0.03267,0.042251,0.024902,1.6605e-07,1.1299e-06,4.0529e-09,1.4474e-08,4.6472e-08,-8.3752e-09,-1.396e-09,1.2752e-08,-3.8141e-08,0.0042815,0.0044132,0.0041455,0.00040774,0.00042027
9.2727,0.2326,0.25325,0.21414,0.2326,0.25325,0.21414,0.22797,0.24198,0.2122,0.19152,0.20846,0.1717,0.03394,0.043741,0.02598,0.2326,0.25325,0.21414,0.2326,0.25325,0.21414,0.22797,0.24198,0.2122,0.18724,0.20421,0.16742,0.033532,0.043332,0.025575,9.4909e-08,6.2218e-07,-8.767e-10,2.8851e-09,2.588e-08,-1.3076e-08,7.9081e-09,2.2926e-08,-5.8552e-08,0.0042816,0.0044132,0.0041456,0.00040773,0.00042029
9.5303,0.2326,0.25325,0.21414,0.2326,0.25325,0.21414,0.22797,0.24198,0.2122,0.19353,0.21014,0.17395,0.034799,0.044815,0.026651,0.2326,0.25325,0.21414,0.2326,0.25325,0.21414,0.22797,0.24198,0.2122,0.18925,0.20588,0.16966,0.034391,0.044406,0.026246,4.4436e-08,3.4698e-07,-4.9576e-09,-5.3964e-09,2.2239e-08,-3.0695e-08,2.0467e-09,2.7307e-08,-6.7043e-08,0.0042815,0.0044131,0.0041456,0.00040775,0.0004203
9.7879,0.2326,0.25325,0.21414,0.2326,0.25325,0.21414,0.22797,0.24198,0.2122,0.19546,0.21172,0.17612,0.035654,0.045883,0.02732,0.2326,0.25325,0.21414,0.2326,0.25325,0.21414,0.22797,0.24198,0.2122,0.19117,0.20746,0.17183,0.035247,0.045474,0.026915,1.8062e-08,1.8222e-07,-7.7013e-09,-2.312e-09,1.2945e-08,-3.675e-08,-2.1623e-08,3.9771e-08,-1.1291e-07,0.0042814,0.0044131,0.0041455,0.00040776,0.00042029
10.045,0.2326,0.25325,0.21414,0.2326,0.25325,0.21414,0.22797,0.24198,0.2122,0.1973,0.21321,0.17821,0.036506,0.046945,0.027987,0.2326,0.25325,0.21414,0.2326,0.25325,0.21414,0.22797,0.24198,0.2122,0.19301,0.20896,0.17392,0.036098,0.046535,0.027582,1.6374e-08,1.0745e-07,-1.1387e-08,6.92e-09,1.6995e-08,-4.7855e-08,-3.5314e-08,5.9947e-08,-1.1765e-07,0.0042814,0.0044132,0.0041455,0.00040775,0.00042029
10.303,0.2326,0.25325,0.21414,0.2326,0.25325,0.21414,0.22797,0.24198,0.2122,0.19905,0.21462,0.18023,0.037354,0.048,0.028652,0.2326,0.25325,0.21414,0.2326,0.25325,0.21414,0.22797,0.24198,0.2122,0.19477,0.21036,0.17594,0.036946,0.04759,0.028247,9.2384e-09,6.0386e-08,-1.898e-08,4.0566e-09,3.1596e-08,-5.0238e-08,-2.5269e-08,6.8737e-08,-1.1859e-07,0.0042816,0.0044133,0.0041456,0.00040775,0.0004203
10.561,0.2326,0.25325,0.21414,0.2326,0.25325,0.21414,0.22797,0.24198,0.2122,0.20073,0.21595,0.18218,0.038198,0.049048,0.029315,0.2326,0.25325,0.21414,0.2326,0.25325,0.21414,0.22797,0.24198,0.2122,0.19645,0.2117,0.17789,0.03779,0.048639,0.02891,-2.5113e-09,2.6109e-08,-2.7402e-08,-1.7279e-08,3.8384e-08,-7.6029e-08,4.7081e-09,1.0726e-07,-1.2864e-07,0.0042816,0.0044132,0.0041457,0.00040777,0.00042031
10.818,0.2326,0.25325,0.21414,0.2326,0.25325,0.21414,0.22797,0.24198,0.2122,0.20234,0.21721,0.18406,0.039039,0.050091,0.029976,0.2326,0.25325,0.21414,0.2326,0.25325,0.21414,0.22797,0.24198,0.2122,0.19806,0.21295,0.17977,0.038631,0.049681,0.029571,-4.1736e-09,1.8257e-08,-3.5691e-08,-3.1337e-08,4.8121e-08,-1.0996e-07,3.3248e-08,9.9909e-08,-1.2916e-07,0.0042815,0.0044131,0.0041457,0.00040777,0.00042031
11.076,0.2326,0.25325,0.21414,0.2326,0.25325,0.21414,0.22797,0.24198,0.2122,0.20387,0.2184,0.18587,0.039876,0.051127,0.030635,0.2326,0.25325,0.21414,0.2326,0.25325,0.21414,0.22797,0.24198,0.2122,0.19959,0.21414,0.18158,0.039468,0.050717,0.03023,3.9094e-09,2.2595e-08,-5.8685e-08,-2.3959e-08,5.1406e-08,-1.1673e-07,2.3719e-08,1.1522e-07,-1.1112e-07,0.0042814,0.004413,0.0041455,0.00040777,0.00042029
11.333,0.2326,0.25325,0.21414,0.2326,0.25325,0.21414,0.22797,0.24198,0.2122,0.20534,0.21953,0.18762,0.040709,0.052157,0.031292,0.2326,0.25325,0.21414,0.2326,0.25325,0.21414,0.22797,0.24198,0.2122,0.20105,0.21529,0.18334,0.040301,0.051747,0.030887,7.7318e-09,2.8019e-08,-7.6194e-08,2.4874e-09,7.7046e-08,-1.2777e-07,-1.0836e-08,1.2501e-07,-1.1872e-07,0.0042814,0.0044132,0.0041455,0.00040775,0.00042028
11.591,0.2326,0.25325,0.21414,0.2326,0.25325,0.21414,0.22797,0.24198,0.2122,0.20674,0.22077,0.18931,0.041539,0.05318,0.031947,0.2326,0.25325,0.21414,0.2326,0.25325,0.21414,0.22797,0.24198,0.2122,0.20245,0.21654,0.18502,0.041131,0.052771,0.031542,-8.7646e-09,3.3724e-08,-8.7849e-08,2.9107e-08,1.1301e-07,-1.2708e-07,-2.3176e-08,1.2905e-07,-1.2108e-07,0.0042816,0.0044134,0.0041456,0.00040775,0.00042032
11.848,0.2326,0.25325,0.21414,0.2326,0.25325,0.21414,0.22797,0.24198,0.2122,0.20807,0.22195,0.19094,0.042365,0.054198,0.0326,0.2326,0.25325,0.21414,0.2326,0.25325,0.21414,0.22797,0.24198,0.2122,0.20379,0.21772,0.18665,0.041957,0.053788,0.032195,-2.566e-08,5.6641e-08,-1.1456e-07,2.2002e-08,1.0801e-07,-1.2729e-07,-2.074e-09,1.193e-07,-1.0296e-07,0.0042817,0.0044133,0.0041458,0.00040778,0.00042036
12.106,0.2326,0.25325,0.21414,0.2326,0.25325,0.21414,0.22797,0.24198,0.2122,0.20935,0.22307,0.19251,0.043188,0.055209,0.033251,0.2326,0.25325,0.21414,0.2326,0.25325,0.21414,0.22797,0.24198,0.2122,0.20507,0.21884,0.18823,0.04278,0.0548,0.032846,-2.5191e-08,7.3311e-08,-1.2081e-07,-1.1211e-08,1.3038e-07,-1.2908e-07,2.7176e-08,1.2103e-07,-1.2093e-07,0.0042817,0.0044131,0.0041458,0.00040782,0.00042037
12.364,0.2326,0.25325,0.21414,0.2326,0.25325,0.21414,0.22797,0.24198,0.2122,0.21058,0.22421,0.19403,0.044007,0.056215,0.0339,0.2326,0.25325,0.21414,0.2326,0.25325,0.21414,0.22797,0.24198,0.2122,0.20629,0.21993,0.18975,0.043599,0.055805,0.033495,-5.1283e-09,8.3192e-08,-1.239e-07,-2.4843e-08,1.305e-07,-1.2633e-07,1.4088e-08,1.2623e-07,-9.4227e-08,0.0042814,0.0044129,0.0041457,0.00040784,0.00042033
12.621,0.2326,0.25325,0.21414,0.2326,0.25325,0.21414,0.22797,0.24198,0.2122,0.21174,0.22532,0.1955,0.044822,0.057214,0.034546,0.2326,0.25325,0.21414,0.2326,0.25325,0.21414,0.22797,0.24198,0.2122,0.20746,0.22103,0.19121,0.044414,0.056804,0.034142,2.123e-08,1.1745e-07,-1.2735e-07,-5.5891e-09,1.2453e-07,-1.1463e-07,-1.3322e-08,1.1325e-07,-3.6987e-08,0.0042812,0.004413,0.0041454,0.0004078,0.00042026
12.879,0.2326,0.25325,0.21414,0.2326,0.25325,0.21414,0.22797,0.24198,0.2122,0.21286,0.22637,0.19691,0.045634,0.058207,0.035192,0.2326,0.25325,0.21414,0.2326,0.25325,0.21414,0.22797,0.24198,0.2122,0.20858,0.22209,0.19262,0.045226,0.057798,0.034787,2.5083e-08,1.241e-07,-1.2297e-07,2.5371e-08,1.3197e-07,-1.1009e-07,-1.7864e-08,1.0701e-07,-4.3155e-08,0.0042814,0.0044133,0.0041453,0.00040774,0.00042022
13.136,0.2326,0.25325,0.21414,0.2326,0.25325,0.21414,0.22797,0.24198,0.2122,0.21393,0.22738,0.19827,0.046443,0.059194,0.035835,0.2326,0.25325,0.21414,0.2326,0.25325,0.21414,0.22797,0.24198,0.2122,0.20964,0.22309,0.19399,0.046035,0.058785,0.03543,-5.3092e-09,1.2431e-07,-1.2593e-07,1.7785e-08,1.3042e-07,-1.1399e-07,3.7852e-09,1.2335e-07,-4.6072e-08,0.0042817,0.0044134,0.0041456,0.00040768,0.00042026
13.394,0.2326,0.25325,0.21414,0.2326,0.25325,0.21414,0.22797,0.24198,0.2122,0.21494,0.22833,0.19959,0.047248,0.060175,0.036476,0.2326,0.25325,0.21414,0.2326,0.25325,0.21414,0.22797,0.24198,0.2122,0.21066,0.22405,0.1953,0.04684,0.059766,0.036071,-2.6005e-08,1.3153e-07,-1.3041e-07,-1.3183e-08,1.194e-07,-9.5065e-08,2.4417e-08,6.1143e-08,-4.2846e-08,0.0042817,0.0044131,0.0041458,0.00040771,0.0004203
13.652,0.2326,0.25325,0.21414,0.2326,0.25325,0.21414,0.22797,0.24198,0.2122,0.21592,0.22924,0.20086,0.048049,0.061151,0.037115,0.2326,0.25325,0.21414,0.2326,0.25325,0.21414,0.22797,0.24198,0.2122,0.21164,0.22496,0.19657,0.047642,0.060741,0.03671,-1.5083e-08,1.2328e-07,-1.1556e-07,-2.2932e-08,1.1382e-07,-4.5389e-08,3.0382e-09,4.7015e-08,-5.6648e-08,0.0042815,0.0044128,0.0041458,0.00040776,0.0004203
13.909,0.2326,0.25325,0.21414,0.2326,0.25325,0.21414,0.22797,0.24198,0.2122,0.21685,0.23011,0.20208,0.048847,0.06212,0.037752,0.2326,0.25325,0.21414,0.2326,0.25325,0.21414,0.22797,0.24198,0.2122,0.21257,0.22582,0.1978,0.04844,0.061711,0.037347,1.6962e-08,1.1793e-07,-1.2287e-07,-2.2015e-09,1.1292e-07,-4.6049e-08,-2.6774e-08,5.0175e-08,-6.9161e-08,0.0042812,0.004413,0.0041455,0.00040777,0.00042027
14.167,0.2326,0.25325,0.21414,0.2326,0.25325,0.21414,0.22797,0.24198,0.2122,0.21774,0.23093,0.20327,0.049642,0.063084,0.038387,0.2326,0.25325,0.21414,0.2326,0.25325,0.21414,0.22797,0.24198,0.2122,0.21346,0.22665,0.19898,0.049234,0.062675,0.037983,2.7269e-08,1.3236e-07,-1.0806e-07,2.5739e-08,1.1782e-07,-4.8136e-08,-2.8957e-08,4.8908e-08,-7.5219e-08,0.0042813,0.0044132,0.0041453,0.00040774,0.00042028
14.424,0.2326,0.25325,0.21414,0.2326,0.25325,0.21414,0.22797,0.24198,0.2122,0.21859,0.23172,0.20441,0.050433,0.064042,0.039021,0.2326,0.25325,0.21414,0.2326,0.25325,0.21414,0.22797,0.24198,0.2122,0.21431,0.22743,0.20012,0.050025,0.063632,0.038616,-5.426e-09,1.2045e-07,-4.1524e-08,1.2248e-08,6.8836e-08,-5.3286e-08,2.3598e-10,5.9624e-08,-7.8394e-08,0.0042816,0.0044132,0.0041455,0.00040774,0.0004203
14.682,0.2326,0.25325,0.21414,0.2326,0.25325,0.21414,0.22797,0.24198,0.2122,0.2194,0.23246,0.20551,0.051221,0.064994,0.039652,0.2326,0.25325,0.21414,0.2326,0.25325,0.21414,0.22797,0.24198,0.2122,0.21512,0.22818,0.20122,0.050813,0.064585,0.039247,-2.8019e-08,1.2434e-07,-3.8005e-08,-2.3745e-08,5.0984e-08,-6.2572e-08,3.2734e-08,6.7099e-08,-7.5405e-08,0.0042816,0.004413,0.0041457,0.00040776,0.0004203
14.939,0.2326,0.25325,0.21414,0.2326,0.25325,0.21414,0.22797,0.24198,0.2122,0.22018,0.23318,0.20657,0.052005,0.06594,0.040282,0.2326,0.25325,0.21414,0.2326,0.25325,0.21414,0.22797,0.24198,0.2122,0.21589,0.22889,0.20229,0.051598,0.065531,0.039877,-1.6532e-08,1.2893e-07,-4.4524e-08,-3.447e-08,5.2909e-08,-6.2021e-08,1.4583e-08,7.731e-08,-7.8456e-08,0.0042814,0.004413,0.0041456,0.00040776,0.00042029
15.197,0.2326,0.25325,0.21414,0.2326,0.25325,0.21414,0.22797,0.24198,0.2122,0.22092,0.23386,0.2076,0.052786,0.066881,0.040909,0.2326,0.25325,0.21414,0.2326,0.25325,0.21414,0.22797,0.24198,0.2122,0.21664,0.22957,0.20331,0.052379,0.066472,0.040505,1.8015e-08,6.4637e-08,-4.3432e-08,-8.1373e-09,5.9349e-08,-7.6439e-08,-3.5313e-08,8.0182e-08,-9.8634e-08,0.0042813,0.0044131,0.0041454,0.00040776,0.00042029
15.455,0.2326,0.25325,0.21414,0.2326,0.25325,0.21414,0.22797,0.24198,0.2122,0.22163,0.2345,0.20859,0.053564,0.067816,0.041535,0.2326,0.25325,0.21414,0.2326,0.25325,0.21414,0.22797,0.24198,0.2122,0.21735,0.23022,0.2043,0.053156,0.067407,0.04113,2.9634e-08,4.765e-08,-5.2482e-08,3.124e-08,6.7742e-08,-7.8253e-08,-5.257e-08,7.7103e-08,-1.0216e-07,0.0042815,0.0044132,0.0041455,0.00040775,0.00042031
15.712,0.2326,0.25325,0.21414,0.2326,0.25325,0.21414,0.22797,0.24198,0.2122,0.2223,0.23512,0.20954,0.054338,0.068745,0.042159,0.2326,0.25325,0.21414,0.2326,0.25325,0.21414,0.22797,0.24198,0.2122,0.21802,0.23083,0.20525,0.053931,0.068336,0.041754,-8.9089e-09,4.7771e-08,-7.3446e-08,2.6023e-08,6.7836e-08,-7.5935e-08,-1.7955e-08,1.1193e-07,-9.8388e-08,0.0042815,0.0044131,0.0041456,0.00040776,0.00042032
15.97,0.2326,0.25325,0.21414,0.2326,0.25325,0.21414,0.22797,0.24198,0.2122,0.22295,0.2357,0.21035,0.055109,0.069669,0.042781,0.2326,0.25325,0.21414,0.2326,0.25325,0.21414,0.22797,0.24198,0.2122,0.21867,0.23142,0.20611,0.054702,0.06926,0.042376,-3.7942e-08,4.8558e-08,-7.5649e-08,-2.4055e-08,7.7167e-08,-8.034e-08,4.0196e-08,8.5992e-08,-1.1055e-07,0.0042815,0.004413,0.0041456,0.00040778,0.0004203
16.227,0.2326,0.25325,0.21414,0.2326,0.25326,0.21414,0.22797,0.24198,0.2122,0.22357,0.23626,0.21103,0.055877,0.070587,0.0434,0.2326,0.25325,0.21414,0.2326,0.25325,0.21414,0.22797,0.24198,0.2122,0.21929,0.23197,0.20674,0.055469,0.070178,0.042996,-2.5982e-08,6.419e-08,-7.8102e-08,-4.8884e-08,7.9513e-08,-7.7479e-08,4.6724e-08,8.4131e-08,-1.0619e-07,0.0042814,0.0044131,0.0041455,0.00040777,0.00042029
16.485,0.2326,0.25325,0.21414,0.2326,0.25325,0.21414,0.22797,0.24198,0.2122,0.22416,0.23679,0.21146,0.056641,0.0715,0.044019,0.2326,0.25325,0.21414,0.2326,0.25325,0.21414,0.22797,0.24198,0.2122,0.21988,0.2325,0.20713,0.056234,0.071091,0.043614,1.754e-08,7.2565e-08,-7.7155e-08,-2.2112e-08,7.7427e-08,-7.8527e-08,-1.4388e-08,1.1439e-07,-1.0718e-07,0.0042815,0.0044132,0.0041455,0.00040776,0.00042028
16.742,0.2326,0.25325,0.21414,0.2326,0.25325,0.21414,0.22797,0.24198,0.2122,0.22473,0.23729,0.21184,0.057402,0.072407,0.044635,0.2326,0.25325,0.21414,0.2326,0.25325,0.21414,0.22797,0.24198,0.2122,0.22044,0.23301,0.20751,0.056995,0.071998,0.04423,4.2284e-08,7.211e-08,-7.7232e-08,3.3517e-08,7.9584e-08,-1.0364e-07,-4.9666e-08,1.1052e-07,-8.6798e-08,0.0042815,0.0044132,0.0041456,0.00040774,0.00042033
17,0.2326,0.25325,0.21414,0.2326,0.25325,0.21414,0.22797,0.24198,0.2122,0.22527,0.23778,0.2122,0.05816,0.073309,0.045249,0.2326,0.25325,0.21414,0.2326,0.25325,0.21414,0.22797,0.24198,0.2122,0.22098,0.23349,0.20787,0.057752,0.0729,0.044844,1.1413e-10,7.9978e-08,-9.5752e-08,4.6412e-08,8.3275e-08,-9.0655e-08,-2.2717e-08,1.105e-07,-9.8729e-08,0.0042816,0.0044131,0.0041456,0.00040777,0.00042037
17.258,0.2326,0.25325,0.21414,0.2326,0.25325,0.21414,0.22797,0.24198,0.2122,0.22578,0.23823,0.21254,0.058915,0.074205,0.045862,0.2326,0.25325,0.21414,0.2326,0.25325,0.21414,0.22797,0.24198,0.2122,0.2215,0.23395,0.20821,0.058507,0.073796,0.045457,-4.0118e-08,7.7512e-08,-9.904e-08,-7.6944e-09,9.8659e-08,-8.9434e-08,3.9135e-08,9.4069e-08,-1.095e-07,0.0042815,0.004413,0.0041456,0.00040782,0.00042036
17.515,0.2326,0.25325,0.21414,0.2326,0.25325,0.21414,0.22797,0.24198,0.2122,0.22627,0.23867,0.21286,0.059666,0.075096,0.046472,0.2326,0.25325,0.21414,0.2326,0.25325,0.21414,0.22797,0.24198,0.2122,0.22199,0.23438,0.20853,0.059258,0.074687,0.046067,-3.3058e-08,7.9491e-08,-1.0583e-07,-4.1183e-08,1.0352e-07,-8.8546e-08,4.6832e-08,1.004e-07,-1.1168e-07,0.0042814,0.0044132,0.0041455,0.00040784,0.00042031
17.773,0.2326,0.25325,0.21414,0.2326,0.25325,0.21414,0.22797,0.24198,0.2122,0.22674,0.23909,0.21316,0.060414,0.075982,0.047081,0.2326,0.25325,0.21414,0.2326,0.25325,0.21414,0.22797,0.24198,0.2122,0.22246,0.2348,0.20884,0.060006,0.075572,0.046676,1.5553e-08,9.7505e-08,-1.052e-07,-1.967e-08,1.0875e-07,-1.0352e-07,-2.7541e-09,1.1277e-07,-1.0987e-07,0.0042815,0.0044133,0.0041455,0.00040781,0.00042024
18.03,0.2326,0.25325,0.21414,0.2326,0.25325,0.21414,0.22797,0.24198,0.2122,0.22719,0.23948,0.21345,0.061158,0.076862,0.047688,0.2326,0.25325,0.21414,0.2326,0.25325,0.21414,0.22797,0.24198,0.2122,0.22291,0.2352,0.20913,0.060751,0.076452,0.047283,4.9208e-08,1.0648e-07,-1.0957e-07,3.359e-08,1.0214e-07,-1.0548e-07,-2.465e-08,1.1791e-07,-9.61e-08,0.0042816,0.0044133,0.0041456,0.00040774,0.00042023
18.288,0.2326,0.25325,0.21414,0.2326,0.25325,0.21414,0.22797,0.24198,0.2122,0.22763,0.23986,0.21373,0.0619,0.077737,0.048293,0.2326,0.25325,0.21414,0.2326,0.25325,0.21414,0.22797,0.24198,0.2122,0.22334,0.23557,0.2094,0.061492,0.077327,0.047888,8.6835e-09,1.0455e-07,-1.0445e-07,3.9667e-08,1.0347e-07,-9.1001e-08,-6.9018e-10,1.173e-07,-1.0314e-07,0.0042817,0.0044131,0.0041457,0.00040768,0.00042029
18.545,0.2326,0.25325,0.21414,0.2326,0.25325,0.21414,0.22797,0.24198,0.2122,0.22804,0.24033,0.21399,0.062638,0.078606,0.048896,0.2326,0.25325,0.21414,0.2326,0.25325,0.21414,0.22797,0.24198,0.2122,0.22375,0.23608,0.20966,0.062231,0.078197,0.048491,-3.0232e-08,1.1718e-07,-1.0283e-07,-4.6753e-09,8.041e-08,-8.0158e-08,3.4395e-08,1.141e-07,-1.0303e-07,0.0042816,0.0044129,0.0041457,0.00040772,0.00042031
18.803,0.2326,0.25325,0.21414,0.2326,0.25325,0.21414,0.22797,0.24198,0.2122,0.22843,0.24081,0.21424,0.063373,0.079471,0.049497,0.2326,0.25325,0.21414,0.2326,0.25325,0.21414,0.22797,0.24198,0.2122,0.22415,0.23656,0.20991,0.062966,0.079061,0.049093,-2.3704e-08,1.1012e-07,-1.0935e-07,-2.4476e-08,1.0684e-07,-9.5322e-08,1.5738e-08,9.6228e-08,-8.9261e-08,0.0042814,0.004413,0.0041456,0.00040776,0.00042029
19.061,0.2326,0.25325,0.21414,0.2326,0.25325,0.21414,0.22797,0.24198,0.2122,0.2288,0.24127,0.21447,0.064105,0.08033,0.050097,0.2326,0.25325,0.21414,0.2326,0.25325,0.21414,0.22797,0.24198,0.2122,0.22452,0.23702,0.21014,0.063698,0.079921,0.049692,1.9482e-08,1.099e-07,-1.1008e-07,-2.4749e-09,9.6271e-08,-8.9218e-08,-1.2275e-08,9.4237e-08,-7.3552e-08,0.0042813,0.0044131,0.0041454,0.00040777,0.00042027
19.318,0.2326,0.25325,0.21414,0.2326,0.25325,0.21414,0.22797,0.24198,0.2122,0.22916,0.24171,0.21469,0.064834,0.081184,0.050694,0.2326,0.25325,0.21414,0.2326,0.25325,0.21414,0.22797,0.24198,0.2122,0.22488,0.23746,0.21037,0.064427,0.080775,0.05029,3.9098e-08,1.074e-07,-1.0842e-07,3.1391e-08,9.0124e-08,-6.133e-08,-1.3375e-08,1.0115e-07,-6.8962e-08,0.0042814,0.0044131,0.0041454,0.00040774,0.00042028
19.576,0.2326,0.25325,0.21414,0.2326,0.25325,0.21414,0.22797,0.24198,0.2122,0.22951,0.24214,0.21491,0.06556,0.082033,0.05129,0.2326,0.25325,0.21414,0.2326,0.25325,0.21414,0.22797,0.24198,0.2122,0.22522,0.23789,0.21058,0.065152,0.081624,0.050886,1.2463e-09,1.163e-07,-1.0374e-07,1.5791e-08,8.9287e-08,-5.4679e-08,1.0214e-08,9.2609e-08,-7.4905e-08,0.0042814,0.0044131,0.0041455,0.00040774,0.00042029
19.833,0.2326,0.25325,0.21414,0.2326,0.25325,0.21414,0.22797,0.24198,0.2122,0.22983,0.24254,0.21511,0.066282,0.082877,0.051884,0.2326,0.25325,0.21414,0.2326,0.25325,0.21414,0.22797,0.24198,0.2122,0.22555,0.23829,0.21078,0.065875,0.082467,0.05148,-2.3642e-08,1.1623e-07,-1.0281e-07,-1.4103e-08,9.7663e-08,-7.5145e-08,2.2358e-08,7.3027e-08,-7.4729e-08,0.0042815,0.0044131,0.0041455,0.00040775,0.00042029
20.091,0.2326,0.25325,0.21414,0.2326,0.25325,0.21414,0.22797,0.24198,0.2122,0.22911,0.24184,0.21429,0.066669,0.083346,0.052194,0.2326,0.25325,0.21414,0.2326,0.25325,0.21414,0.22797,0.24198,0.2122,0.22575,0.23855,0.2109,0.066346,0.08302,0.051874,-1.0749e-08,1.169e-07,-1.0375e-07,-1.7931e-08,6.8818e-08,-7.5644e-08,-3.4021e-09,6.9432e-08,-7.5337e-08,0.0033559,0.0035449,0.0031698,0.00032327,0.0003375
20.348,0.2326,0.25325,0.21414,0.2326,0.25325,0.21414,0.22797,0.24198,0.2122,0.22747,0.24015,0.21266,0.066513,0.083187,0.052033,0.2326,0.25325,0.21414,0.2326,0.25325,0.21414,0.22797,0.24198,0.2122,0.22575,0.23855,0.2109,0.066347,0.08302,0.051874,2.3187e-08,1.1199e-07,-8.1677e-08,6.231e-09,5.3838e-08,-7.2814e-08,-2.3293e-08,7.6614e-08,-7.6002e-08,0.0017199,0.0019134,0.0014816,0.00016597,0.0001836
20.606,0.2326,0.25325,0.21414,0.2326,0.25325,0.21414,0.22797,0.24198,0.2122,0.22663,0.23933,0.21181,0.066432,0.083106,0.051953,0.2326,0.25325,0.21414,0.2326,0.25325,0.21414,0.22797,0.24198,0.2122,0.22575,0.23855,0.2109,0.066347,0.08302,0.051874,2.2602e-08,1.1198e-07,-1.0708e-07,2.6203e-08,7.4305e-08,-7.5907e-08,-1.5786e-08,7.635e-08,-1.1276e-07,0.00088137,0.0010522,0.00067717,8.5058e-05,0.00010096
20.864,0.2326,0.25325,0.21414,0.2326,0.25325,0.21414,0.22797,0.24198,0.2122,0.2262,0.23893,0.21137,0.066391,0.083064,0.051913,0.2326,0.25325,0.21414,0.2326,0.25325,0.21414,0.22797,0.24198,0.2122,0.22575,0.23855,0.2109,0.066347,0.08302,0.051874,-1.0534e-08,1.1221e-07,-7.5037e-08,1.8287e-09,7.6061e-08,-7.5784e-08,1.2399e-08,7.6035e-08,-9.0206e-08,0.00045169,0.0005786,0.0003095,4.3585e-05,5.5515e-05
21.121,0.2326,0.25325,0.21414,0.2326,0.25325,0.21414,0.22797,0.24198,0.2122,0.22598,0.23873,0.21114,0.066369,0.083042,0.051893,0.2326,0.25325,0.21414,0.2326,0.25325,0.21414,0.22797,0.24198,0.2122,0.22575,0.23855,0.2109,0.066347,0.08302,0.051874,-2.4681e-08,7.4745e-08,-7.1059e-08,-2.511e-08,7.2965e-08,-7.6158e-08,2.6296e-08,9.5437e-08,-1.0482e-07,0.00023149,0.00031817,0.00014145,2.2335e-05,3.0535e-05
21.379,0.2326,0.25325,0.21414,0.2326,0.25325,0.21414,0.22797,0.24198,0.2122,0.22587,0.23864,0.21103,0.066359,0.083031,0.051883,0.2326,0.25325,0.21414,0.2326,0.25325,0.21414,0.22797,0.24198,0.2122,0.22575,0.23855,0.2109,0.066347,0.08302,0.051874,-6.0036e-09,1.0807e-07,-1.1424e-07,-2.3183e-08,7.6368e-08,-7.6388e-08,-8.0603e-09,9.4449e-08,-1.1272e-07,0.00011864,0.00017496,6.4657e-05,1.1455e-05,1.6794e-05
21.636,0.2326,0.25325,0.21414,0.2326,0.25325,0.21414,0.22797,0.24198,0.2122,0.22581,0.23859,0.21096,0.066353,0.083026,0.051879,0.2326,0.25325,0.21414,0.2326,0.25325,0.21414,0.22797,0.24198,0.2122,0.22575,0.23855,0.2109,0.066347,0.08302,0.051874,2.4916e-08,7.6894e-08,-1.1246e-07,6.6733e-09,7.6933e-08,-1.0826e-07,-4.1842e-08,9.5927e-08,-1.0754e-07,6.0805e-05,9.6212e-05,2.9555e-05,5.8703e-06,9.224e-06
21.894,0.2326,0.25325,0.21414,0.2326,0.25325,0.21414,0.22797,0.24198,0.2122,0.22578,0.23857,0.21093,0.06635,0.083023,0.051876,0.2326,0.25325,0.21414,0.2326,0.25325,0.21414,0.22797,0.24198,0.2122,0.22575,0.23855,0.2109,0.066347,0.08302,0.051874,1.7273e-08,9.6135e-08,-9.5563e-08,3.168e-08,7.6719e-08,-8.5591e-08,-3.7284e-08,9.3518e-08,-1.0686e-07,3.1161e-05,5.291e-05,1.3506e-05,3.0006e-06,5.0833e-06
22.152,0.2326,0.25325,0.21414,0.2326,0.25325,0.21414,0.22797,0.24198,0.2122,0.22577,0.23856,0.21092,0.066349,0.083021,0.051875,0.2326,0.25325,0.21414,0.2326,0.25325,0.21414,0.22797,0.24198,0.2122,0.22575,0.23855,0.2109,0.066347,0.08302,0.051874,-1.9543e-08,7.7104e-08,-7.4874e-08,3.8159e-09,8.3877e-08,-8.2691e-08,4.9993e-09,1.0241e-07,-1.0827e-07,1.5961e-05,2.9088e-05,6.1659e-06,1.5496e-06,2.7864e-06
22.409,0.2326,0.25325,0.21414,0.2326,0.25325,0.21414,0.22797,0.24198,0.2122,0.22576,0.23855,0.21091,0.066348,0.08302,0.051874,0.2326,0.25325,0.21414,0.2326,0.25325,0.21414,0.22797,0.24198,0.2122,0.22575,0.23855,0.2109,0.066347,0.08302,0.051874,-3.3941e-08,1.1932e-07,-8.4159e-08,-3.7032e-08,1.1593e-07,-1.0762e-07,4.6032e-08,9.8029e-08,-1.1441e-07,8.1785e-06,1.5989e-05,2.8208e-06,7.8319e-07,1.5404e-06
22.667,0.2326,0.25325,0.21414,0.2326,0.25325,0.21414,0.22797,0.24198,0.2122,0.22576,0.23855,0.2109,0.066348,0.08302,0.051874,0.2326,0.25325,0.21414,0.2326,0.25325,0.21414,0.22797,0.24198,0.2122,0.22575,0.23855,0.2109,0.066347,0.08302,0.051874,-1.0728e-08,7.6081e-08,-1.0071e-07,-4.1546e-08,9.6822e-08,-1.0527e-07,1.8789e-08,1.1216e-07,-9.5175e-08,4.2025e-06,8.804e-06,1.2963e-06,4.1223e-07,8.3802e-07
22.924,0.2326,0.25325,0.21414,0.2326,0.25325,0.21414,0.22797,0.24198,0.2122,0.22575,0.23855,0.2109,0.066347,0.08302,0.051874,0.2326,0.25325,0.21414,0.2326,0.25325,0.21414,0.22797,0.24198,0.2122,0.22575,0.23855,0.2109,0.066347,0.08302,0.051874,2.8681e-08,8.6229e-08,-1.0592e-07,-2.8427e-09,8.5692e-08,-9.7985e-08,-4.1724e-08,1.1824e-07,-1.0359e-07,2.1425e-06,4.8324e-06,5.8305e-07,2.0384e-07,4.7241e-07
23.182,0.2326,0.25325,0.21414,0.2326,0.25325,0.21414,0.22797,0.24198,0.2122,0.22575,0.23855,0.2109,0.066347,0.08302,0.051874,0.2326,0.25325,0.21414,0.2326,0.25325,0.21414,0.22797,0.24198,0.2122,0.22575,0.23855,0.2109,0.066347,0.08302,0.051874,2.771e-08,1.0128e-07,-1.0977e-07,4.3694e-08,1.1173e-07,-9.7222e-08,-5.796e-08,1.1971e-07,-9.1957e-08,1.1079e-06,2.6625e-06,2.7742e-07,1.0541e-07,2.5093e-07
23.439,0.2326,0.25325,0.21414,0.2326,0.25326,0.21414,0.22797,0.24198,0.2122,0.22575,0.23855,0.2109,0.066347,0.08302,0.051874,0.2326,0.25325,0.21414,0.2326,0.25325,0.21414,0.22797,0.24198,0.2122,0.22575,0.23855,0.2109,0.066347,0.08302,0.051874,-1.9618e-08,1.0541e-07,-1.1053e-07,2.7213e-08,9.531e-08,-9.9541e-08,-1.1788e-08,9.7667e-08,-1.0992e-07,5.5842e-07,1.4592e-06,1.1774e-07,6.0262e-08,1.3922e-07
23.697,0.2326,0.25325,0.21414,0.2326,0.25325,0.21414,0.22797,0.24198,0.2122,0.22575,0.23855,0.2109,0.066347,0.08302,0.051874,0.2326,0.25325,0.21414,0.2326,0.25325,0.21414,0.22797,0.24198,0.2122,0.22575,0.23855,0.2109,0.066347,0.08302,0.051874,-4.5014e-08,1.168e-07,-1.0664e-07,-2.9691e-08,1.0066e-07,-9.8908e-08,5.4345e-08,9.619e-08,-1.114e-07,2.9723e-07,8.0948e-07,6.0378e-08,2.3414e-08,8.3837e-08
23.955,0.2326,0.25325,0.21414,0.2326,0.25325,0.21414,0.22797,0.24198,0.2122,0.22575,0.23855,0.2109,0.066347,0.08302,0.051874,0.2326,0.25325,0.21414,0.2326,0.25325,0.21414,0.22797,0.24198,0.2122,0.22575,0.23855,0.2109,0.066347,0.08302,0.051874,-2.1634e-08,1.1441e-07,-1.079e-07,-4.9385e-08,9.904e-08,-1.0253e-07,4.4584e-08,7.8357e-08,-1.1295e-07,1.4335e-07,4.3594e-07,2.644e-08,1.2089e-08,4.0147e-08
24.212,0.2326,0.25325,0.21414,0.2326,0.25325,0.21414,0.22797,0.24198,0.2122,0.22575,0.23855,0.2109,0.066347,0.08302,0.051874,0.2326,0.25325,0.21414,0.2326,0.25325,0.21414,0.22797,0.24198,0.2122,0.22575,0.23855,0.2109,0.066347,0.08302,0.051874,3.0272e-08,1.1694e-07,-1.1208e-07,-1.1458e-08,9.6663e-08,-1.0792e-07,-1.479e-08,1.128e-07,-1.0977e-07,7.67e-08,2.5008e-07,6.4347e-09,1.4153e-08,2.628e-08
24.47,0.2326,0.25325,0.21414,0.2326,0.25325,0.21414,0.22797,0.24198,0.2122,0.22575,0.23855,0.2109,0.066347,0.08302,0.051874,0.2326,0.25325,0.21414,0.2326,0.25325,0.21414,0.22797,0.24198,0.2122,0.22575,0.23855,0.2109,0.066347,0.08302,0.051874,4.3654e-08,1.1867e-07,-1.2247e-07,4.6783e-08,9.9006e-08,-1.0194e-07,-3.4689e-08,1.1497e-07,-1.1547e-07,4.3904e-08,1.331e-07,1.4282e-09,2.106e-09,1.8312e-08
24.727,0.2326,0.25325,0.21414,0.2326,0.25325,0.21414,0.22797,0.24198,0.2122,0.22575,0.23855,0.2109,0.066347,0.08302,0.051874,0.2326,0.25325,0.21414,0.2326,0.25325,0.21414,0.22797,0.24198,0.2122,0.22575,0.23855,0.2109,0.066347,0.08302,0.051874,1.0691e-08,1.0787e-07,-1.1172e-07,4.0936e-08,1.0309e-07,-1.0627e-07,1.2618e-09,1.1538e-07,-1.0834e-07,1.5223e-08,6.8434e-08,-2.8372e-09,-9.0048e-09,1.1638e-08
24.985,0.2326,0.25325,0.21414,0.2326,0.25325,0.21414,0.22797,0.24198,0.2122,0.22575,0.23855,0.2109,0.066347,0.08302,0.051874,0.2326,0.25325,0.21414,0.2326,0.25325,0.21414,0.22797,0.24198,0.2122,0.22575,0.23855,0.2109,0.066347,0.08302,0.051874,-3.4606e-09,1.196e-07,-5.6867e-08,1.5835e-08,1.0801e-07,-5.596e-08,4.578e-08,1.1441e-07,-6.7032e-08,7.9482e-09,4.5907e-08,-8.7809e-09,-6.8506e-09,9.1334e-09
25.242,0.2326,0.25325,0.21414,0.2326,0.25325,0.21414,0.22797,0.24198,0.2122,0.22575,0.23855,0.2109,0.066347,0.08302,0.051874,0.2326,0.25325,0.21414,0.2326,0.25325,0.21414,0.22797,0.24198,0.2122,0.22575,0.23855,0.2109,0.066347,0.08302,0.051874,7.2848e-09,1.0308e-07,1.4875e-09,9.5227e-09,1.0076e-07,1.6647e-09,2.8946e-08,1.0745e-07,1.5892e-09,1.1926e-08,2.7226e-08,9.9456e-10,5.8171e-09,1.3667e-08
25.5,0.2326,0.25325,0.21414,0.2326,0.25325,0.21414,0.22797,0.24198,0.2122,0.22575,0.23855,0.2109,0.066347,0.08302,0.051874,0.2326,0.25325,0.21414,0.2326,0.25325,0.21414,0.22797,0.24198,0.2122,0.22575,0.23855,0.2109,0.066347,0.08302,0.051874,1.5576e-08,1.1251e-07,2.1343e-09,9.6466e-09,1.0574e-07,2.1054e-09,1.4907e-08,1.1311e-07,2.1186e-09,6.6045e-09,1.7124e-08,1.6449e-09,1.137e-08,2.1109e-08
