0,0,0,0,0,0,0,0,0,0,0,0,0,0,0,0,0,0,0,0,0,0,0,0,0,0,0,0,0,0,0,0,0,0,0,0,0,0,0,0,0,0,0,0,0,0
0.25758,7.7144,8.5679,6.8691,0.46873,0.51943,0.39887,0.054062,0.063407,0.04268,0.0052232,0.0061543,0.0041182,0.00049778,0.00058674,0.00039244,24.996,29.498,22.646,24.844,26.659,20.936,4.9038,5.6679,3.1321,0.48129,0.55921,0.31031,0.045925,0.053383,0.029643,7.4645,8.3014,6.6169,0.22029,0.27644,0.15863,0.0050241,0.01665,0.0039614,0.00041029,0.0015246,0.00033339,3.8521e-05,0.00014455,3.1377e-05
0.51515,9.7337,10.217,9.2347,0.63832,0.67716,0.59899,0.10622,0.12297,0.08277,0.010398,0.012211,0.0080949,0.00099182,0.001166,0.00077226,24.996,29.498,22.646,24.996,29.31,22.647,9.9814,11.443,6.9201,0.99796,1.1611,0.70654,0.095323,0.11108,0.067661,9.4838,9.9749,8.9826,0.38836,0.41838,0.33972,0.0064056,0.018736,0.004805,0.00041823,0.0015611,0.00033868,3.8595e-05,0.00014678,3.139e-05
0.77273,10.261,10.652,9.8677,0.68265,0.72282,0.6568,0.15603,0.17799,0.12125,0.015562,0.018246,0.012061,0.0014858,0.001745,0.001152,24.996,29.498,22.646,24.996,29.493,22.647,14.742,16.689,10.455,1.5135,1.7632,1.1019,0.14471,0.16898,0.10576,10.011,10.407,9.6105,0.43269,0.45266,0.4102,0.008609,0.020975,0.0060402,0.00042646,0.0015761,0.00034411,3.8673e-05,0.00014695,3.1462e-05
1.0303,10.399,10.779,10.004,0.69423,0.73428,0.66842,0.20195,0.22678,0.15696,0.020714,0.024258,0.016015,0.0019796,0.0023239,0.0015316,24.996,29.498,22.646,24.996,29.498,22.647,18.96,21.007,13.69,2.0279,2.363,1.4954,0.19409,0.22685,0.14384,10.149,10.534,9.7504,0.44427,0.46146,0.42656,0.012347,0.023486,0.0079542,0.00043503,0.0015908,0.00034975,3.8691e-05,0.00014711,3.1495e-05
1.2879,10.435,10.839,10.03,0.69725,0.738,0.67124,0.2412,0.26394,0.18829,0.025855,0.030246,0.019959,0.0024734,0.0029025,0.0019111,24.996,29.498,22.646,24.996,29.498,22.647,22.245,24.035,16.588,2.5411,2.9603,1.8869,0.24346,0.2847,0.18191,10.185,10.593,9.779,0.44729,0.46475,0.42951,0.018751,0.029056,0.01109,0.00044395,0.0016059,0.00035557,3.8763e-05,0.00014718,3.1608e-05
1.5455,10.444,10.859,10.036,0.69804,0.739,0.67197,0.26974,0.28868,0.21616,0.030984,0.03621,0.02389,0.0029671,0.003481,0.0022905,24.996,29.498,22.646,24.996,29.498,22.647,24.164,25.603,19.082,3.053,3.5551,2.2765,0.29282,0.34254,0.21996,10.194,10.613,9.7843,0.44808,0.46633,0.43009,0.028101,0.037915,0.016339,0.00045315,0.0016211,0.0003615,3.8865e-05,0.00014735,3.1635e-05
1.803,10.447,10.865,10.037,0.69825,0.73925,0.67215,0.28544,0.30106,0.2398,0.0361,0.042148,0.02781,0.0034607,0.0040593,0.0026699,24.996,29.498,22.646,24.996,29.498,22.647,24.842,26.554,21.088,3.5637,4.1473,2.664,0.34217,0.40036,0.258,10.197,10.619,9.7855,0.44829,0.46681,0.43022,0.037028,0.043014,0.023028,0.0004627,0.0016365,0.00036763,3.8975e-05,0.00014754,3.1639e-05
2.0606,10.447,10.867,10.038,0.69831,0.73931,0.6722,0.29172,0.30841,0.25855,0.041202,0.048059,0.031718,0.0039541,0.0046374,0.0030491,24.996,29.498,22.646,24.996,29.498,22.647,24.976,26.9,22.64,4.073,4.7367,3.0495,0.39152,0.45816,0.29602,10.197,10.621,9.7857,0.44835,0.46695,0.43025,0.041958,0.045187,0.027494,0.00047272,0.0016521,0.00037403,3.8973e-05,0.0001477,3.167e-05
2.3182,4.058,5.0188,3.0603,0.42204,0.4685,0.37595,0.26589,0.28506,0.24217,0.046292,0.053942,0.035614,0.0044475,0.0052153,0.0034282,24.996,29.498,22.646,24.996,29.498,22.647,24.992,27.38,22.645,4.5808,5.3232,3.433,0.44085,0.51594,0.33401,3.8081,4.7705,2.7909,0.17208,0.21127,0.12505,0.015971,0.018045,0.0076832,0.00048316,0.001668,0.00038055,3.9054e-05,0.00014769,3.1665e-05
2.5758,1.2445,1.8715,0.75395,0.2949,0.33792,0.26414,0.25409,0.27721,0.23033,0.051367,0.059795,0.039487,0.0049408,0.005793,0.0038073,24.996,29.498,22.646,24.996,29.498,22.647,24.993,27.461,22.646,5.0873,5.9067,3.8143,0.49017,0.5737,0.372,0.9945,1.6213,0.48459,0.044937,0.072767,0.021838,0.0041644,0.0057217,0.0010815,0.00049393,0.001684,0.00038749,3.9114e-05,0.00014787,3.1807e-05
2.8333,0.50967,0.80863,0.35152,0.2617,0.30362,0.23661,0.25102,0.27539,0.22741,0.056427,0.065618,0.043326,0.005434,0.0063705,0.0041862,24.996,29.498,22.646,24.996,29.498,22.647,24.993,27.478,22.646,5.5921,6.487,4.1935,0.53947,0.63144,0.4099,0.25971,0.55841,0.084134,0.011736,0.025063,0.0037914,0.0010862,0.0018962,0.00014994,0.00050521,0.0017002,0.00039448,3.9278e-05,0.00014803,3.1857e-05
3.0909,0.31779,0.44255,0.26261,0.25302,0.29704,0.22897,0.25022,0.27496,0.22669,0.061471,0.071408,0.047149,0.0059271,0.0069479,0.0045651,24.996,29.498,22.646,24.996,29.498,22.647,24.993,27.482,22.646,6.0954,7.064,4.5706,0.58878,0.68916,0.44776,0.067825,0.19233,0.014608,0.0030648,0.0086324,0.00065831,0.00028333,0.00062912,2.0795e-05,0.00051698,0.0017166,0.00040175,3.9285e-05,0.0001482,3.1886e-05
3.3485,0.26767,0.31754,0.23996,0.25076,0.29547,0.22708,0.25001,0.27487,0.22652,0.0665,0.077164,0.050954,0.0064201,0.007525,0.0049438,24.996,29.498,22.646,24.996,29.498,22.647,24.993,27.483,22.646,6.5971,7.6375,4.9454,0.63808,0.74686,0.4856,0.017713,0.066246,0.0025363,0.00080036,0.0029732,0.0001143,7.3902e-05,0.0002141,2.8802e-06,0.00052925,0.0017338,0.00040927,3.9335e-05,0.00014821,3.2002e-05
3.6061,0.25459,0.29773,0.22988,0.25017,0.2951,0.22662,0.24995,0.27484,0.22647,0.071511,0.082885,0.054696,0.006913,0.008102,0.0053224,24.996,29.498,22.646,24.996,29.498,22.647,24.993,27.483,22.646,7.0969,8.2073,5.318,0.68736,0.80454,0.52344,0.0046256,0.022817,0.00044036,0.00020902,0.001024,1.9836e-05,1.9277e-05,7.2862e-05,4.0664e-07,0.00054217,0.0017533,0.00041707,3.9378e-05,0.00014839,3.2019e-05
3.8636,0.25117,0.29564,0.22731,0.25001,0.29501,0.2265,0.24994,0.27484,0.22646,0.076505,0.088568,0.058415,0.0074058,0.0086787,0.005701,24.996,29.498,22.646,24.996,29.498,22.647,24.993,27.483,22.646,7.595,8.7732,5.6883,0.73664,0.86221,0.56126,0.001208,0.0078588,7.645e-05,5.4587e-05,0.0003527,3.4473e-06,5.0269e-06,2.4812e-05,5.3108e-08,0.00055557,0.0017732,0.00042516,3.942e-05,0.00014853,3.2021e-05
4.1212,0.25028,0.29514,0.22667,0.24997,0.29499,0.22648,0.24994,0.27484,0.22646,0.081481,0.094211,0.062112,0.0078986,0.0092553,0.0060794,24.996,29.498,22.646,24.996,29.498,22.647,24.993,27.483,22.646,8.0911,9.3351,6.0564,0.78589,0.91985,0.59907,0.00031547,0.0027068,1.328e-05,1.4258e-05,0.00012148,5.9214e-07,1.3166e-06,8.443e-06,2.625e-09,0.0005696,0.0017932,0.00043366,3.9636e-05,0.00014866,3.2064e-05
4.3788,0.25004,0.29502,0.22652,0.24996,0.29498,0.22647,0.24993,0.27484,0.22646,0.086437,0.099813,0.065786,0.0083912,0.0098316,0.0064578,24.996,29.498,22.646,24.996,29.498,22.647,24.993,27.483,22.646,8.5853,9.8927,6.4221,0.83515,0.97748,0.63686,8.2393e-05,0.00093227,2.2977e-06,3.7265e-06,4.1838e-05,9.9926e-08,3.4405e-07,2.8738e-06,-5.7574e-09,0.00058436,0.0018135,0.00044235,3.9646e-05,0.00014875,3.2101e-05
4.6364,0.24998,0.29499,0.22648,0.24996,0.29498,0.22647,0.24993,0.27483,0.22646,0.091373,0.10537,0.069436,0.0088837,0.010408,0.006836,24.996,29.498,22.646,24.996,29.498,22.647,24.993,27.483,22.646,9.0773,10.446,6.7854,0.8844,1.0351,0.67465,2.1513e-05,0.00032109,4.0408e-07,9.7176e-07,1.442e-05,1.2444e-08,8.39e-08,9.8424e-07,-2.1146e-08,0.0005998,0.0018342,0.0004514,3.9712e-05,0.00014893,3.2125e-05
4.8939,0.24997,0.29498,0.22647,0.24996,0.29498,0.22647,0.24993,0.27483,0.22646,0.096288,0.11088,0.073062,0.0093761,0.010984,0.0072142,24.996,29.498,22.646,24.996,29.498,22.647,24.993,27.483,22.646,9.5672,10.997,7.1464,0.93363,1.0927,0.71241,5.6231e-06,0.0001106,6.7691e-08,2.5751e-07,4.9701e-06,1.1913e-09,2.366e-08,3.3709e-07,-4.115e-08,0.00061597,0.0018552,0.00046078,3.9832e-05,0.00014911,3.2193e-05
5.1515,0.24996,0.29498,0.22647,0.24996,0.29498,0.22647,0.24993,0.27483,0.22646,0.10118,0.11635,0.076665,0.0098684,0.01156,0.0075923,24.996,29.498,22.646,24.996,29.498,22.647,24.993,27.483,22.646,10.055,11.549,7.5049,0.98286,1.1502,0.75017,1.4645e-06,3.8083e-05,8.809e-09,7.2635e-08,1.718e-06,-7.7332e-09,7.445e-09,1.1093e-07,-1.0345e-07,0.00063301,0.0018763,0.0004706,3.9816e-05,0.00014917,3.2284e-05
5.4091,0.24996,0.29498,0.22646,0.24996,0.29498,0.22647,0.24993,0.27483,0.22646,0.10605,0.12177,0.080242,0.010361,0.012135,0.0079702,24.996,29.498,22.646,24.996,29.498,22.647,24.993,27.483,22.646,10.54,12.096,7.8609,1.0321,1.2078,0.78791,3.8246e-07,1.3124e-05,-2.8529e-09,1.1856e-08,5.9152e-07,-2.1198e-08,-2.2421e-09,8.6323e-08,-1.2445e-07,0.00065092,0.0018978,0.00048076,3.9943e-05,0.00014931,3.2292e-05
5.6667,0.24996,0.29498,0.22646,0.24996,0.29498,0.22647,0.24993,0.27483,0.22646,0.11089,0.12722,0.083795,0.010853,0.012711,0.0083481,24.996,29.498,22.646,24.996,29.498,22.647,24.993,27.483,22.646,11.022,12.638,8.2144,1.0813,1.2653,0.82565,1.0657e-07,4.5262e-06,-1.3544e-08,9.313e-09,1.967e-07,-4.3227e-08,-4.2576e-09,1.1541e-07,-1.2629e-07,0.00066972,0.0019196,0.0004914,3.9987e-05,0.00014949,3.2282e-05
5.9242,0.24996,0.29498,0.22646,0.24996,0.29498,0.22647,0.24993,0.27483,0.22646,0.11571,0.13263,0.087323,0.011345,0.013286,0.0087259,24.996,29.498,22.646,24.996,29.498,22.647,24.993,27.483,22.646,11.502,13.176,8.5654,1.1305,1.3228,0.86336,2.5125e-08,1.56e-06,-3.2383e-08,-6.6962e-09,7.5692e-08,-7.7257e-08,7.8576e-09,1.2646e-07,-1.3012e-07,0.00068952,0.0019418,0.00050243,4.0091e-05,0.00014968,3.248e-05
6.1818,0.24996,0.29498,0.22646,0.24996,0.29498,0.22647,0.24993,0.27483,0.22646,0.1205,0.13799,0.090825,0.011837,0.013861,0.0091035,24.996,29.498,22.646,24.996,29.498,22.647,24.993,27.483,22.646,11.979,13.709,8.9137,1.1797,1.3803,0.90107,4.4861e-09,5.3078e-07,-6.9164e-08,8.8748e-09,6.6698e-08,-1.1101e-07,-5.0026e-08,1.2939e-07,-1.3031e-07,0.00071049,0.0019642,0.00051393,4.0166e-05,0.00014973,3.253e-05
6.4394,0.24996,0.29498,0.22646,0.24996,0.29498,0.22647,0.24993,0.27483,0.22646,0.12527,0.1433,0.094301,0.012329,0.014435,0.0094811,24.996,29.498,22.646,24.996,29.498,22.647,24.993,27.483,22.646,12.453,14.236,9.2595,1.2288,1.4378,0.93876,2.5461e-09,1.8336e-07,-9.5499e-08,-2.6944e-08,1.0642e-07,-1.2704e-07,-1.3864e-08,1.3078e-07,-1.2559e-07,0.00073254,0.0019869,0.00052592,4.0307e-05,0.00014984,3.253e-05
6.697,0.24996,0.29498,0.22646,0.24996,0.29498,0.22647,0.24993,0.27483,0.22646,0.13,0.14855,0.097751,0.01282,0.01501,0.0098586,24.996,29.498,22.646,24.996,29.498,22.647,24.993,27.483,22.646,12.924,14.758,9.6026,1.278,1.4952,0.97644,-3.5505e-09,1.0255e-07,-1.2688e-07,-2.3579e-08,1.2288e-07,-1.2516e-07,5.3679e-08,1.3188e-07,-1.2632e-07,0.00075585,0.0020098,0.00053851,4.0318e-05,0.00015001,3.2545e-05
6.9545,0.24996,0.29498,0.22646,0.24996,0.29498,0.22647,0.24993,0.27483,0.22646,0.1347,0.15375,0.10117,0.013312,0.015584,0.010236,24.996,29.498,22.646,24.996,29.498,22.647,24.993,27.483,22.646,13.392,15.274,9.9429,1.3272,1.5526,1.0141,-1.7307e-08,1.1742e-07,-1.2581e-07,3.7887e-08,1.2626e-07,-1.2643e-07,-1.5872e-08,1.2742e-07,-1.2031e-07,0.00078054,0.0020331,0.00055162,4.0379e-05,0.00015022,3.2623e-05
7.2121,0.24996,0.29498,0.22646,0.24996,0.29498,0.22647,0.24993,0.27483,0.22646,0.13936,0.15888,0.10457,0.013803,0.016159,0.010613,24.996,29.498,22.646,24.996,29.498,22.647,24.993,27.483,22.646,13.856,15.784,10.281,1.3763,1.61,1.0518,1.6577e-08,1.1742e-07,-1.2891e-07,-1.3614e-08,1.2448e-07,-1.2878e-07,2.3322e-08,1.3178e-07,-1.2666e-07,0.00080664,0.0020567,0.0005653,4.0486e-05,0.0001503,3.2742e-05
7.4697,0.24996,0.29498,0.22646,0.24996,0.29498,0.22647,0.24993,0.27483,0.22646,0.14399,0.16395,0.10794,0.014295,0.016732,0.01099,24.996,29.498,22.646,24.996,29.498,22.647,24.993,27.483,22.646,14.316,16.286,10.615,1.4254,1.6674,1.0894,-5.1519e-08,1.3208e-07,-1.2834e-07,4.5825e-09,1.315e-07,-1.2678e-07,-3.7736e-09,1.2527e-07,-1.2144e-07,0.00083432,0.0020806,0.00057965,4.053e-05,0.00015036,3.2752e-05
7.7273,0.24996,0.29498,0.22646,0.24996,0.29498,0.22647,0.24993,0.27483,0.22646,0.14858,0.16895,0.11128,0.014786,0.017306,0.011367,24.996,29.498,22.646,24.996,29.498,22.647,24.993,27.483,22.646,14.772,16.781,10.948,1.4746,1.7248,1.127,-1.0452e-07,1.3125e-07,-1.2959e-07,7.8259e-09,1.271e-07,-1.2496e-07,5.743e-09,1.3001e-07,-1.0414e-07,0.00086375,0.0021048,0.00059473,4.0592e-05,0.00015054,3.2775e-05
7.9848,0.24996,0.29498,0.22646,0.24996,0.29498,0.22647,0.24993,0.27483,0.22646,0.15313,0.17387,0.11459,0.015277,0.01788,0.011744,24.996,29.498,22.646,24.996,29.498,22.647,24.993,27.483,22.646,15.224,17.269,11.277,1.5237,1.7821,1.1646,6.9332e-08,1.3383e-07,-1.286e-07,-1.244e-08,1.3199e-07,-1.2338e-07,-4.2626e-09,1.2439e-07,-1.0022e-07,0.00089493,0.0021292,0.00061042,4.0663e-05,0.00015072,3.2826e-05
8.2424,0.24996,0.29498,0.22646,0.24996,0.29498,0.22647,0.24993,0.27483,0.22646,0.15764,0.17871,0.11787,0.015768,0.018453,0.012121,24.996,29.498,22.646,24.996,29.498,22.647,24.993,27.483,22.646,15.671,17.748,11.603,1.5728,1.8394,1.2022,5.0883e-08,1.1989e-07,-1.2215e-07,2.0594e-08,1.261e-07,-1.1374e-07,-1.7838e-08,1.0457e-07,-1.1093e-07,0.00092813,0.0021539,0.00062701,4.0724e-05,0.00015088,3.2861e-05
8.5,0.24996,0.29498,0.22646,0.24996,0.29498,0.22647,0.24993,0.27483,0.22646,0.1621,0.18347,0.12113,0.016259,0.019026,0.012498,24.996,29.498,22.646,24.996,29.498,22.647,24.993,27.483,22.646,16.114,18.218,11.926,1.6219,1.8967,1.2398,1.0799e-08,1.321e-07,-1.2521e-07,-2.9316e-08,1.2103e-07,-7.7635e-08,2.4606e-08,1.1737e-07,-1.0957e-07,0.00096353,0.0021788,0.00064433,4.0788e-05,0.00015088,3.3015e-05
8.7576,0.24996,0.29498,0.22646,0.24996,0.29498,0.22647,0.24993,0.27483,0.22646,0.16651,0.18813,0.12435,0.01675,0.019599,0.012875,24.996,29.498,22.646,24.996,29.498,22.647,24.993,27.483,22.646,16.551,18.678,12.247,1.6709,1.954,1.2774,1.2652e-08,1.2255e-07,-1.2819e-07,1.1245e-08,1.0829e-07,-9.7885e-08,-5.1786e-08,1.1537e-07,-9.9625e-08,0.0010012,0.0022041,0.00066256,4.092e-05,0.00015107,3.2988e-05
9.0152,0.24996,0.29498,0.22646,0.24996,0.29498,0.22647,0.24993,0.27483,0.22646,0.17087,0.19269,0.12755,0.017241,0.020172,0.01325,24.996,29.498,22.646,24.996,29.498,22.647,24.993,27.483,22.646,16.983,19.128,12.564,1.72,2.0113,1.315,3.9159e-09,1.2743e-07,-1.2749e-07,-2.8374e-09,1.0232e-07,-1.0605e-07,-2.8819e-08,9.2068e-08,-9.5634e-08,0.0010415,0.0022296,0.00068181,4.096e-05,0.00015123,3.304e-05
9.2727,0.24996,0.29498,0.22646,0.24996,0.29498,0.22647,0.24993,0.27484,0.22646,0.17518,0.19715,0.13071,0.017732,0.020744,0.013626,24.996,29.498,22.646,24.996,29.498,22.647,24.993,27.483,22.646,17.409,19.567,12.879,1.7691,2.0685,1.3525,-2.0241e-09,1.3165e-07,-1.0408e-07,-5.045e-08,1.1574e-07,-1.0863e-07,6.8241e-08,1.0342e-07,-1.062e-07,0.0010844,0.0022554,0.00070206,4.0986e-05,0.00015142,3.3067e-05
9.5303,0.24996,0.29498,0.22646,0.24996,0.29498,0.22647,0.24993,0.27483,0.22646,0.17942,0.20149,0.13385,0.018223,0.021317,0.014001,24.996,29.498,22.646,24.996,29.498,22.647,24.993,27.483,22.646,17.829,19.994,13.19,1.8181,2.1257,1.39,-1.0402e-08,1.3262e-07,-1.0554e-07,5.2766e-08,1.0886e-07,-1.0197e-07,-8.2945e-08,1.0758e-07,-1.0931e-07,0.0011303,0.0022814,0.00072336,4.1134e-05,0.00015146,3.308e-05
9.7879,0.24996,0.29498,0.22646,0.24996,0.29498,0.22647,0.24993,0.27483,0.22646,0.1836,0.20572,0.13695,0.018713,0.021889,0.014377,24.996,29.498,22.646,24.996,29.498,22.647,24.993,27.483,22.646,18.242,20.408,13.498,1.8672,2.1829,1.4276,1.4254e-08,8.9283e-08,-1.1222e-07,-3.1732e-08,9.6238e-08,-9.5981e-08,1.7771e-08,1.1291e-07,-9.9978e-08,0.0011795,0.0023095,0.00074585,4.123e-05,0.00015159,3.3229e-05
10.045,0.24996,0.29498,0.22646,0.24996,0.29498,0.22647,0.24993,0.27483,0.22646,0.18771,0.20981,0.14002,0.019203,0.022461,0.014752,24.996,29.498,22.646,24.996,29.498,22.647,24.993,27.483,22.646,18.648,20.809,13.803,1.9162,2.2401,1.4651,-5.4645e-08,1.0935e-07,-1.0319e-07,-1.1377e-08,1.1597e-07,-1.0979e-07,4.3031e-08,1.1389e-07,-1.0431e-07,0.0012322,0.0023424,0.00076962,4.1304e-05,0.00015176,3.3266e-05
10.303,0.24996,0.29498,0.22646,0.24996,0.29498,0.22647,0.24993,0.27483,0.22646,0.19175,0.21376,0.14307,0.019694,0.023032,0.015127,24.996,29.498,22.646,24.996,29.498,22.647,24.993,27.483,22.646,19.046,21.196,14.105,1.9652,2.2972,1.5026,-5.2897e-08,1.1269e-07,-1.0463e-07,4.1065e-08,1.0202e-07,-9.1629e-08,-1.3429e-08,1.088e-07,-1.1228e-07,0.0012886,0.0023756,0.00079477,4.1341e-05,0.00015193,3.3282e-05
10.561,0.24996,0.29498,0.22646,0.24996,0.29498,0.22647,0.24993,0.27483,0.22646,0.19571,0.21757,0.14607,0.020184,0.023604,0.015502,24.996,29.498,22.646,24.996,29.498,22.647,24.993,27.483,22.646,19.436,21.567,14.403,2.0142,2.3544,1.5401,7.1482e-08,1.1578e-07,-9.626e-08,-2.2755e-08,9.3758e-08,-1.0001e-07,3.3442e-08,1.0679e-07,-1.0834e-07,0.0013492,0.0024091,0.00082139,4.1408e-05,0.00015199,3.3242e-05
10.818,0.24996,0.29498,0.22646,0.24996,0.29498,0.22647,0.24993,0.27483,0.22646,0.19959,0.22122,0.14905,0.020674,0.024175,0.015877,24.996,29.498,22.646,24.996,29.498,22.647,24.993,27.483,22.646,19.818,21.921,14.698,2.0632,2.4115,1.5775,6.5963e-09,9.978e-08,-1.0507e-07,3.7322e-08,1.0116e-07,-8.4252e-08,-5.2488e-09,9.7498e-08,-1.1218e-07,0.001414,0.002443,0.00084961,4.1523e-05,0.00015215,3.3313e-05
11.076,0.24996,0.29498,0.22646,0.24996,0.29498,0.22647,0.24993,0.27483,0.22646,0.20338,0.2247,0.15199,0.021164,0.024746,0.016251,24.996,29.498,22.646,24.996,29.498,22.647,24.993,27.483,22.646,20.189,22.259,14.99,2.1122,2.4686,1.615,1.4324e-08,1.1506e-07,-1.0261e-07,-1.3728e-08,1.1061e-07,-1.1437e-07,1.4788e-08,1.1496e-07,-1.0958e-07,0.0014836,0.002531,0.00087955,4.1609e-05,0.00015234,3.3379e-05
11.333,0.24996,0.29498,0.22646,0.24996,0.29498,0.22647,0.24993,0.27483,0.22646,0.20707,0.228,0.1549,0.021654,0.025317,0.016626,24.996,29.498,22.646,24.996,29.498,22.647,24.993,27.483,22.646,20.551,22.578,15.279,2.1612,2.5256,1.6524,5.4941e-09,1.1755e-07,-1.0644e-07,1.7832e-08,9.8332e-08,-1.0142e-07,-1.3797e-08,1.1246e-07,-1.1248e-07,0.0015582,0.0026514,0.00091136,4.1717e-05,0.00015252,3.3473e-05
11.591,0.24996,0.29498,0.22646,0.24996,0.29498,0.22647,0.24993,0.27483,0.22646,0.21065,0.23112,0.15778,0.022143,0.025887,0.017,24.996,29.498,22.646,24.996,29.498,22.647,24.993,27.483,22.646,20.901,22.878,15.564,2.2102,2.5827,1.6898,3.4623e-09,1.1744e-07,-1.0359e-07,-1.2078e-08,1.0886e-07,-1.1403e-07,1.3002e-08,1.0768e-07,-1.1433e-07,0.0016381,0.0027736,0.00094519,4.179e-05,0.00015258,3.3525e-05
11.848,0.24996,0.29498,0.22646,0.24996,0.29498,0.22647,0.24993,0.27483,0.22646,0.21413,0.23415,0.16062,0.022633,0.026458,0.017375,24.996,29.498,22.646,24.996,29.498,22.647,24.993,27.483,22.646,21.24,23.196,15.846,2.2591,2.6397,1.7273,-2.0542e-09,1.037e-07,-1.1149e-07,-4.6918e-09,1.1582e-07,-1.1066e-07,-2.2078e-08,1.2065e-07,-1.0849e-07,0.0017235,0.002897,0.0009812,4.1856e-05,0.00015268,3.3595e-05
12.106,0.24996,0.29498,0.22646,0.24996,0.29498,0.22647,0.24993,0.27483,0.22646,0.21748,0.23728,0.16343,0.023123,0.027028,0.017749,24.996,29.498,22.646,24.996,29.498,22.647,24.993,27.483,22.646,21.567,23.498,16.124,2.3081,2.6967,1.7647,-1.4386e-08,1.148e-07,-1.1159e-07,1.3625e-08,1.1512e-07,-1.0914e-07,-2.8338e-08,1.2023e-07,-1.115e-07,0.0018148,0.0030201,0.0010195,4.1949e-05,0.00015286,3.375e-05
12.364,0.24996,0.29498,0.22646,0.24996,0.29498,0.22647,0.24993,0.27483,0.22646,0.22071,0.24023,0.1662,0.023612,0.027598,0.018123,24.996,29.498,22.646,24.996,29.498,22.647,24.993,27.483,22.646,21.88,23.78,16.399,2.357,2.7537,1.8021,1.8293e-08,1.1751e-07,-1.1111e-07,-4.5173e-08,1.0536e-07,-1.0665e-07,4.2791e-08,1.1679e-07,-1.0511e-07,0.001912,0.0031415,0.0010604,4.2133e-05,0.00015306,3.3726e-05
12.621,0.24996,0.29498,0.22646,0.24996,0.29498,0.22647,0.24993,0.27483,0.22646,0.22381,0.24298,0.16893,0.024101,0.028167,0.018497,24.996,29.498,22.646,24.996,29.498,22.647,24.993,27.483,22.646,22.179,24.042,16.67,2.4059,2.8106,1.8394,-5.1506e-08,1.1569e-07,-1.0994e-07,2.4391e-08,1.1684e-07,-1.0247e-07,-7.2045e-08,1.1378e-07,-1.0749e-07,0.0020153,0.0032598,0.001104,4.2152e-05,0.00015318,3.3756e-05
12.879,0.24996,0.29498,0.22646,0.24996,0.29498,0.22647,0.24993,0.27483,0.22646,0.22676,0.24554,0.17164,0.024591,0.028737,0.01887,24.996,29.498,22.646,24.996,29.498,22.647,24.993,27.483,22.646,22.463,24.285,16.937,2.4548,2.8676,1.8768,-4.832e-08,1.2025e-07,-1.1014e-07,-8.5875e-09,1.1651e-07,-1.0983e-07,-4.1423e-08,1.1404e-07,-1.13e-07,0.0021244,0.0033737,0.0011507,4.22e-05,0.00015323,3.3712e-05
13.136,0.24996,0.29498,0.22646,0.24996,0.29498,0.22647,0.24993,0.27483,0.22646,0.22956,0.24789,0.1743,0.02508,0.029306,0.019244,24.996,29.498,22.646,24.996,29.498,22.647,24.993,27.483,22.646,22.732,24.506,17.201,2.5037,2.9245,1.9141,7.4288e-08,1.1663e-07,-1.0379e-07,-5.3721e-08,9.9082e-08,-1.1204e-07,9.7842e-08,1.1128e-07,-1.0814e-07,0.0022394,0.0034819,0.0012006,4.2272e-05,0.00015339,3.3854e-05
13.394,0.24996,0.29498,0.22646,0.24996,0.29498,0.22647,0.24993,0.27483,0.22646,0.2322,0.25004,0.17693,0.025569,0.029875,0.019617,24.996,29.498,22.646,24.996,29.498,22.647,24.993,27.483,22.646,22.984,24.707,17.462,2.5526,2.9814,1.9515,-2.5348e-09,1.1279e-07,-1.1138e-07,7.1104e-08,1.0679e-07,-1.1383e-07,-5.6334e-08,1.1351e-07,-1.095e-07,0.0023595,0.0035833,0.0012539,4.2345e-05,0.00015358,3.3911e-05
13.652,0.24996,0.29498,0.22646,0.24996,0.29498,0.22647,0.24993,0.27483,0.22646,0.23468,0.25198,0.17953,0.026057,0.030444,0.019991,24.996,29.498,22.646,24.996,29.498,22.647,24.993,27.483,22.646,23.22,24.888,17.719,2.6015,3.0382,1.9888,1.9711e-08,1.1551e-07,-1.1083e-07,-3.0168e-08,1.1736e-07,-1.1212e-07,5.3232e-08,1.1312e-07,-1.141e-07,0.0024843,0.0036773,0.0013111,4.237e-05,0.00015367,3.3952e-05
13.909,0.24996,0.29498,0.22646,0.24996,0.29498,0.22647,0.24993,0.27483,0.22646,0.23699,0.25372,0.18208,0.026546,0.031012,0.020364,24.996,29.498,22.646,24.996,29.498,22.647,24.993,27.483,22.646,23.438,25.049,17.972,2.6504,3.0951,2.0261,2.4047e-09,1.0181e-07,-1.1206e-07,2.0839e-08,1.1721e-07,-1.1161e-07,8.92e-09,1.1926e-07,-1.0886e-07,0.0026129,0.0037631,0.0013706,4.249e-05,0.00015379,3.4038e-05
14.167,0.24996,0.29498,0.22646,0.24996,0.29498,0.22647,0.24993,0.27483,0.22646,0.23913,0.25527,0.1846,0.027035,0.031581,0.020737,24.996,29.498,22.646,24.996,29.498,22.647,24.993,27.483,22.646,23.638,25.191,18.221,2.6992,3.1519,2.0634,5.1333e-09,1.1543e-07,-1.0525e-07,9.4842e-09,1.1428e-07,-1.1068e-07,1.5731e-08,1.0671e-07,-1.134e-07,0.0027439,0.0038405,0.001433,4.2595e-05,0.00015392,3.4174e-05
14.424,0.24996,0.29498,0.22646,0.24996,0.29498,0.22647,0.24993,0.27483,0.22646,0.24109,0.25663,0.18708,0.027523,0.032149,0.02111,24.996,29.498,22.646,24.996,29.498,22.647,24.993,27.483,22.646,23.821,25.321,18.467,2.7481,3.2087,2.1006,-3.667e-09,1.0417e-07,-1.1327e-07,-1.4499e-09,1.1113e-07,-1.1379e-07,7.2237e-10,1.1201e-07,-1.1286e-07,0.002876,0.0039124,0.0014996,4.2689e-05,0.00015402,3.4141e-05
14.682,0.24996,0.29498,0.22646,0.24996,0.29498,0.22647,0.24993,0.27483,0.22646,0.24287,0.25789,0.18953,0.028012,0.032717,0.021482,24.996,29.498,22.646,24.996,29.498,22.647,24.993,27.483,22.646,23.986,25.452,18.705,2.7969,3.2654,2.1377,-1.3374e-08,1.1688e-07,-1.097e-07,1.1379e-08,1.1975e-07,-1.0755e-07,1.7594e-09,1.1421e-07,-1.1141e-07,0.0030076,0.0039852,0.0015707,4.2771e-05,0.00015417,3.4199e-05
14.939,0.24996,0.29498,0.22646,0.24996,0.29498,0.22647,0.24993,0.27483,0.22646,0.24447,0.25914,0.19194,0.0285,0.033284,0.021855,24.996,29.498,22.646,24.996,29.498,22.647,24.993,27.483,22.646,24.133,25.565,18.933,2.8457,3.3222,2.1749,1.9518e-08,1.1652e-07,-1.1183e-07,-1.3307e-08,1.1994e-07,-1.051e-07,1.6093e-10,1.1462e-07,-1.1492e-07,0.0031371,0.0040566,0.0016464,4.2916e-05,0.00015436,3.4186e-05
15.197,0.24996,0.29498,0.22646,0.24996,0.29498,0.22647,0.24993,0.27483,0.22646,0.24591,0.26027,0.19426,0.028988,0.033852,0.022228,24.996,29.498,22.646,24.996,29.498,22.647,24.993,27.483,22.646,24.264,25.692,19.156,2.8945,3.3789,2.212,-5.3883e-08,1.1911e-07,-1.1241e-07,2.0072e-08,1.1184e-07,-1.0584e-07,-2.1125e-08,1.1396e-07,-1.0792e-07,0.0032627,0.0041179,0.0017271,4.2954e-05,0.00015448,3.4248e-05
15.455,0.24996,0.29498,0.22646,0.24996,0.29498,0.22647,0.24993,0.27483,0.22646,0.24717,0.26157,0.19648,0.029476,0.034419,0.0226,24.996,29.498,22.646,24.996,29.498,22.647,24.993,27.483,22.646,24.379,25.81,19.376,2.9433,3.4356,2.2491,-3.3207e-08,1.1828e-07,-1.0806e-07,-2.8516e-08,1.1414e-07,-1.0834e-07,2.1799e-08,1.1597e-07,-1.1231e-07,0.0033827,0.0041702,0.0018129,4.302e-05,0.0001546,3.4329e-05
15.712,0.24996,0.29498,0.22646,0.24996,0.29498,0.22647,0.24993,0.27483,0.22646,0.24829,0.2627,0.19867,0.029964,0.034986,0.022972,24.996,29.498,22.646,24.996,29.498,22.647,24.993,27.483,22.646,24.479,25.912,19.591,2.9921,3.4923,2.2862,7.1001e-08,1.1303e-07,-1.0895e-07,2.6933e-09,1.1672e-07,-1.0916e-07,-4.2954e-08,1.1866e-07,-1.1401e-07,0.0034956,0.0042142,0.0019039,4.3125e-05,0.00015467,3.4405e-05
15.97,0.24996,0.29498,0.22646,0.24996,0.29498,0.22647,0.24993,0.27483,0.22646,0.24925,0.26369,0.20081,0.030452,0.035552,0.023344,24.996,29.498,22.646,24.996,29.498,22.647,24.993,27.483,22.646,24.565,26.001,19.803,3.0409,3.549,2.3233,-1.1686e-08,1.1699e-07,-1.0993e-07,1.0541e-08,1.1748e-07,-1.1147e-07,-5.2385e-08,1.1416e-07,-1.1474e-07,0.0036002,0.0042507,0.0020003,4.3298e-05,0.00015489,3.4452e-05
16.227,0.24996,0.29498,0.22646,0.24996,0.29498,0.22647,0.24993,0.27483,0.22646,0.25008,0.26454,0.20291,0.03094,0.036119,0.023716,24.996,29.498,22.646,24.996,29.498,22.647,24.993,27.483,22.646,24.639,26.082,20.01,3.0897,3.6056,2.3604,2.5541e-08,1.1742e-07,-1.0859e-07,-6.4175e-08,1.1888e-07,-1.1248e-07,7.4896e-08,1.1474e-07,-1.0718e-07,0.0036957,0.0042811,0.0021018,4.3303e-05,0.00015505,3.4409e-05
16.485,0.24996,0.29498,0.22646,0.24996,0.29498,0.22647,0.24993,0.27483,0.22646,0.25079,0.26526,0.20497,0.031428,0.036685,0.024088,24.996,29.498,22.646,24.996,29.498,22.647,24.993,27.483,22.646,24.701,26.185,20.213,3.1384,3.6622,2.3974,-1.8175e-09,1.1342e-07,-1.0811e-07,4.2539e-08,1.1535e-07,-1.1433e-07,-6.614e-08,1.1341e-07,-1.1304e-07,0.0037817,0.0043059,0.0021659,4.3385e-05,0.00015518,3.4554e-05
16.742,0.24996,0.29498,0.22646,0.24996,0.29498,0.22647,0.24993,0.27483,0.22646,0.2514,0.26633,0.20699,0.031915,0.037251,0.02446,24.996,29.498,22.646,24.996,29.498,22.647,24.993,27.483,22.646,24.754,26.298,20.413,3.1872,3.7188,2.4344,7.544e-09,1.1396e-07,-1.1028e-07,-8.8105e-09,1.204e-07,-1.1039e-07,-2.5078e-08,1.173e-07,-1.0979e-07,0.0038578,0.0043262,0.002211,4.3414e-05,0.00015527,3.4605e-05
17,0.24996,0.29498,0.22646,0.24996,0.29498,0.22647,0.24993,0.27483,0.22646,0.2519,0.26742,0.20897,0.032402,0.037817,0.024831,24.996,29.498,22.646,24.996,29.498,22.647,24.993,27.483,22.646,24.798,26.398,20.608,3.2359,3.7753,2.4714,-6.2497e-09,1.1892e-07,-1.1038e-07,-3.4703e-08,1.192e-07,-1.094e-07,7.9989e-08,1.1216e-07,-1.0887e-07,0.0039244,0.0043428,0.0022568,4.3595e-05,0.00015547,3.468e-05
17.258,0.24996,0.29498,0.22646,0.24996,0.29498,0.22647,0.24993,0.27483,0.22646,0.25232,0.26839,0.2109,0.03289,0.038382,0.025203,24.996,29.498,22.646,24.996,29.498,22.647,24.993,27.483,22.646,24.834,26.486,20.799,3.2846,3.8319,2.5084,-1.2252e-08,1.1687e-07,-1.0825e-07,6.199e-08,1.1361e-07,-1.1018e-07,-1.8771e-08,1.1469e-07,-1.1265e-07,0.0039821,0.0043561,0.0023035,4.3641e-05,0.00015564,3.4702e-05
17.515,0.24996,0.29498,0.22646,0.24996,0.29498,0.22647,0.24993,0.27483,0.22646,0.25267,0.26923,0.2128,0.033377,0.038948,0.025574,24.996,29.498,22.646,24.996,29.498,22.647,24.993,27.483,22.646,24.864,26.561,20.985,3.3333,3.8884,2.5453,2.0545e-08,1.1545e-07,-1.1195e-07,-2.0409e-08,1.1602e-07,-1.1423e-07,4.2416e-08,1.1993e-07,-1.0902e-07,0.0040315,0.004367,0.002351,4.3704e-05,0.0001558,3.4806e-05
17.773,0.24996,0.29498,0.22646,0.24996,0.29498,0.22647,0.24993,0.27483,0.22646,0.25296,0.26997,0.21466,0.033864,0.039513,0.025945,24.996,29.498,22.646,24.996,29.498,22.647,24.993,27.483,22.646,24.889,26.627,21.168,3.382,3.9449,2.5823,-5.6457e-08,1.1696e-07,-1.1646e-07,3.4684e-08,1.1179e-07,-1.0856e-07,-4.4394e-09,1.1546e-07,-1.1299e-07,0.0040732,0.0043757,0.0023991,4.3716e-05,0.00015595,3.4824e-05
18.03,0.24996,0.29498,0.22646,0.24996,0.29498,0.22647,0.24993,0.27483,0.22646,0.2532,0.2706,0.21647,0.034351,0.040077,0.026316,24.996,29.498,22.646,24.996,29.498,22.647,24.993,27.483,22.646,24.909,26.683,21.347,3.4307,4.0013,2.6192,-1.9538e-08,1.163e-07,-1.0872e-07,-9.3392e-09,1.1481e-07,-1.0885e-07,1.6095e-08,1.1127e-07,-1.0851e-07,0.0041083,0.0043827,0.0024478,4.3878e-05,0.00015599,3.49e-05
18.288,0.24996,0.29498,0.22646,0.24996,0.29498,0.22647,0.24993,0.27483,0.22646,0.25339,0.27114,0.21823,0.034838,0.040642,0.026687,24.996,29.498,22.646,24.996,29.498,22.647,24.993,27.483,22.646,24.926,26.731,21.522,3.4794,4.0578,2.6561,6.3068e-08,1.183e-07,-1.078e-07,1.278e-08,1.1696e-07,-1.118e-07,-1.2564e-08,1.1505e-07,-1.0981e-07,0.0041376,0.0043884,0.0024971,4.3992e-05,0.00015619,3.4958e-05
18.545,0.24996,0.29498,0.22646,0.24996,0.29498,0.22647,0.24993,0.27483,0.22646,0.25355,0.2716,0.21991,0.035324,0.041206,0.027057,24.996,29.498,22.646,24.996,29.498,22.647,24.993,27.483,22.646,24.939,26.772,21.688,3.528,4.1142,2.693,-1.0107e-07,1.1477e-07,-1.1176e-07,-8.6205e-09,1.1775e-07,-1.1497e-07,8.4906e-09,1.1041e-07,-1.1078e-07,0.0041617,0.0043927,0.0025469,4.4053e-05,0.00015636,3.504e-05
18.803,0.24996,0.29498,0.22646,0.24996,0.29498,0.22647,0.24993,0.27484,0.22646,0.25368,0.27199,0.22155,0.035811,0.04177,0.027428,24.996,29.498,22.646,24.996,29.498,22.647,24.993,27.483,22.646,24.95,26.806,21.849,3.5767,4.1706,2.7299,1.7255e-08,1.1468e-07,-1.1466e-07,-9.3576e-09,1.1504e-07,-1.0886e-07,-1.4446e-08,1.1942e-07,-1.1553e-07,0.0041818,0.0043966,0.0025973,4.4091e-05,0.00015656,3.5052e-05
19.061,0.24996,0.29498,0.22646,0.24996,0.29498,0.22647,0.24993,0.27483,0.22646,0.25379,0.27232,0.22315,0.036297,0.042334,0.027798,24.996,29.498,22.646,24.996,29.498,22.647,24.993,27.483,22.646,24.959,26.835,22.005,3.6253,4.227,2.7667,5.5975e-08,1.17e-07,-1.129e-07,1.9143e-08,1.1755e-07,-1.0989e-07,-3.8073e-08,1.1376e-07,-1.0875e-07,0.004198,0.0043992,0.0026481,4.424e-05,0.00015666,3.513e-05
19.318,0.24996,0.29498,0.22646,0.24996,0.29498,0.22647,0.24993,0.27483,0.22646,0.25387,0.2726,0.22469,0.036784,0.042898,0.028169,24.996,29.498,22.646,24.996,29.498,22.647,24.993,27.483,22.646,24.966,26.859,22.156,3.6739,4.2833,2.8036,-1.9327e-08,1.0911e-07,-1.1427e-07,-4.9266e-08,1.1442e-07,-1.1356e-07,3.8414e-08,1.1163e-07,-1.0724e-07,0.0042115,0.0044018,0.0026991,4.4358e-05,0.00015672,3.5164e-05
19.576,0.24996,0.29498,0.22646,0.24996,0.29498,0.22647,0.24993,0.27483,0.22646,0.25394,0.27283,0.2262,0.03727,0.043461,0.028539,24.996,29.498,22.646,24.996,29.498,22.647,24.993,27.483,22.646,24.972,26.879,22.304,3.7225,4.3396,2.8404,4.2784e-08,1.0994e-07,-1.1509e-07,1.0111e-08,1.1472e-07,-1.0764e-07,-5.1663e-08,1.1344e-07,-1.1578e-07,0.0042223,0.004404,0.0027503,4.4388e-05,0.00015691,3.5253e-05
19.833,0.24996,0.29498,0.22646,0.24996,0.29498,0.22647,0.24993,0.27483,0.22646,0.254,0.27302,0.22766,0.037756,0.044024,0.028907,24.996,29.498,22.646,24.996,29.498,22.647,24.993,27.483,22.646,24.976,26.896,22.447,3.7711,4.3959,2.8772,-3.116e-09,1.1984e-07,-1.0867e-07,1.6547e-08,1.1356e-07,-1.0802e-07,-7.9478e-08,1.1603e-07,-1.1169e-07,0.0042312,0.0044076,0.0028017,4.4536e-05,0.00015703,3.5287e-05
20.091,0.24996,0.29498,0.22646,0.24996,0.29498,0.22647,0.24993,0.27483,0.22646,0.25236,0.27157,0.22745,0.038066,0.044388,0.029108,24.996,29.498,22.646,24.996,29.498,22.647,24.993,27.483,22.646,24.98,26.909,22.573,3.8065,4.4386,2.9077,1.4658e-08,1.131e-07,-1.115e-07,-7.4154e-08,1.1307e-07,-1.0996e-07,1.1093e-07,1.1496e-07,-1.0947e-07,0.0025637,0.0028624,0.0014375,5.9312e-07,4.0181e-05,2.6806e-07
20.348,0.24996,0.29498,0.22646,0.24996,0.29498,0.22647,0.24993,0.27483,0.22646,0.25047,0.26974,0.22637,0.038066,0.044388,0.029097,24.996,29.498,22.646,24.996,29.498,22.647,24.993,27.483,22.646,24.981,26.913,22.607,3.8066,4.4388,2.9097,-1.1136e-08,1.1891e-07,-1.0676e-07,6.5302e-08,1.167e-07,-1.0922e-07,-3.9488e-08,1.1798e-07,-1.1176e-07,0.00066435,0.00090041,0.00018897,1.5746e-08,7.8034e-07,-1.2808e-07
20.606,0.24996,0.29498,0.22646,0.24996,0.29498,0.22647,0.24993,0.27483,0.22646,0.24998,0.26929,0.22618,0.038066,0.044388,0.029097,24.996,29.498,22.646,24.996,29.498,22.647,24.993,27.483,22.646,24.981,26.914,22.613,3.8066,4.4388,2.9097,1.2737e-08,1.1862e-07,-1.1164e-07,-1.0183e-08,1.1337e-07,-1.1134e-07,2.4954e-08,1.1733e-07,-1.1226e-07,0.00017221,0.00028971,2.3405e-05,1.6574e-08,1.2533e-07,-1.2132e-07
20.864,0.24996,0.29498,0.22646,0.24996,0.29498,0.22647,0.24993,0.27483,0.22646,0.24986,0.26918,0.22615,0.038066,0.044388,0.029097,24.996,29.498,22.646,24.996,29.498,22.647,24.993,27.483,22.646,24.981,26.914,22.614,3.8066,4.4388,2.9097,-2.3336e-08,1.1977e-07,-1.1633e-07,3.4738e-09,1.1585e-07,-1.0992e-07,2.6142e-08,1.2289e-07,-1.1294e-07,4.4641e-05,9.3266e-05,2.8844e-06,-1.6794e-08,1.2968e-07,-1.0157e-07
21.121,0.24996,0.29498,0.22646,0.24996,0.29498,0.22647,0.24993,0.27483,0.22646,0.24982,0.26915,0.22615,0.038066,0.044387,0.029097,24.996,29.498,22.646,24.996,29.498,22.647,24.993,27.483,22.646,24.981,26.914,22.614,3.8066,4.4388,2.9097,-2.0412e-08,1.1503e-07,-1.0817e-07,2.2095e-08,1.1803e-07,-1.1256e-07,8.3471e-09,1.2053e-07,-1.1467e-07,1.1579e-05,3.0028e-05,3.5761e-07,1.5214e-08,1.2427e-07,-1.1027e-07
21.379,0.24996,0.29498,0.22646,0.24996,0.29498,0.22647,0.24993,0.27483,0.22646,0.24982,0.26915,0.22614,0.038066,0.044388,0.029097,24.996,29.498,22.646,24.996,29.498,22.647,24.993,27.483,22.646,24.981,26.914,22.614,3.8066,4.4388,2.9097,3.7639e-08,1.1929e-07,-1.1162e-07,-4.8537e-09,1.1722e-07,-1.1492e-07,6.0241e-09,1.077e-07,-1.0907e-07,3.0033e-06,9.6638e-06,3.888e-08,4.2698e-08,1.1839e-07,-1.0723e-07
21.636,0.24996,0.29498,0.22646,0.24996,0.29498,0.22647,0.24993,0.27483,0.22646,0.24981,0.26914,0.22614,0.038066,0.044388,0.029097,24.996,29.498,22.646,24.996,29.498,22.647,24.993,27.483,22.646,24.981,26.914,22.614,3.8066,4.4388,2.9097,-8.3653e-08,1.155e-07,-1.1507e-07,1.4313e-08,1.0527e-07,-1.1292e-07,-1.928e-09,1.1589e-07,-1.1421e-07,7.7786e-07,3.1104e-06,-1.1113e-10,-5.0189e-09,1.1474e-07,-1.0935e-07
21.894,0.24996,0.29498,0.22646,0.24996,0.29498,0.22647,0.24993,0.27483,0.22646,0.24981,0.26914,0.22614,0.038066,0.044388,0.029097,24.996,29.498,22.646,24.996,29.498,22.647,24.993,27.483,22.646,24.981,26.914,22.614,3.8066,4.4387,2.9097,-3.9159e-08,1.1876e-07,-1.0936e-07,-1.3545e-08,1.1726e-07,-1.1066e-07,5.0984e-09,1.2192e-07,-1.1694e-07,2.0644e-07,9.9682e-07,-9.5571e-09,1.2216e-09,1.1541e-07,-1.0977e-07
22.152,0.24996,0.29498,0.22646,0.24996,0.29498,0.22647,0.24993,0.27483,0.22646,0.24981,0.26914,0.22614,0.038066,0.044388,0.029097,24.996,29.498,22.646,24.996,29.498,22.647,24.993,27.483,22.646,24.981,26.914,22.614,3.8066,4.4387,2.9097,1.0324e-07,1.1774e-07,-1.1069e-07,1.8024e-08,1.1688e-07,-1.1243e-07,-2.3079e-08,1.1707e-07,-1.1806e-07,5.6762e-08,3.1891e-07,-2.3818e-08,6.732e-08,1.1993e-07,-1.0857e-07
22.409,0.24996,0.29498,0.22646,0.24996,0.29498,0.22647,0.24993,0.27483,0.22646,0.24981,0.26914,0.22614,0.038066,0.044388,0.029097,24.996,29.498,22.646,24.996,29.498,22.647,24.993,27.483,22.646,24.981,26.914,22.614,3.8066,4.4387,2.9097,-7.0435e-08,1.2037e-07,-1.0549e-07,-2.6457e-08,1.1871e-07,-1.1278e-07,1.6086e-08,1.1872e-07,-1.1016e-07,7.9904e-09,1.1127e-07,-6.5762e-08,7.576e-09,1.13e-07,-1.1279e-07
22.667,0.24996,0.29498,0.22646,0.24996,0.29498,0.22647,0.24993,0.27483,0.22646,0.24981,0.26914,0.22614,0.038066,0.044388,0.029097,24.996,29.498,22.646,24.996,29.498,22.647,24.993,27.483,22.646,24.981,26.914,22.614,3.8066,4.4387,2.9097,5.3016e-08,1.1743e-07,-1.0909e-07,-7.2038e-09,1.1909e-07,-1.0997e-07,-2.7653e-08,1.148e-07,-1.1459e-07,1.0223e-08,6.4964e-08,-1.2527e-07,-5.7588e-09,1.1942e-07,-1.0744e-07
22.924,0.24996,0.29498,0.22646,0.24996,0.29498,0.22647,0.24993,0.27483,0.22646,0.24981,0.26914,0.22614,0.038066,0.044388,0.029097,24.996,29.498,22.646,24.996,29.498,22.647,24.993,27.483,22.646,24.981,26.914,22.614,3.8066,4.4388,2.9097,1.8441e-08,1.1579e-07,-1.0809e-07,2.5578e-08,1.1833e-07,-1.1015e-07,-7.2433e-08,1.1812e-07,-1.1276e-07,-8.6769e-09,1.2157e-07,-1.2246e-07,8.6839e-08,1.1105e-07,-1.097e-07
23.182,0.24996,0.29498,0.22646,0.24996,0.29498,0.22647,0.24993,0.27483,0.22646,0.24981,0.26914,0.22614,0.038066,0.044388,0.029097,24.996,29.498,22.646,24.996,29.498,22.647,24.993,27.483,22.646,24.981,26.914,22.614,3.8066,4.4388,2.9097,1.5334e-08,1.1443e-07,-1.1547e-07,-7.4378e-08,1.1472e-07,-1.1442e-07,6.4041e-08,1.1487e-07,-1.1025e-07,5.9375e-09,1.2239e-07,-1.2895e-07,1.7594e-08,1.1773e-07,-1.078e-07
23.439,0.24996,0.29498,0.22646,0.24996,0.29498,0.22647,0.24993,0.27483,0.22646,0.24981,0.26914,0.22614,0.038066,0.044387,0.029097,24.996,29.498,22.646,24.996,29.498,22.647,24.993,27.483,22.646,24.981,26.914,22.614,3.8066,4.4388,2.9097,4.3665e-09,1.1435e-07,-1.0879e-07,2.0117e-08,1.1619e-07,-1.0605e-07,-3.2094e-08,1.197e-07,-1.1836e-07,-1.8128e-08,1.2747e-07,-1.1971e-07,-6.51e-09,1.2001e-07,-1.1486e-07
23.697,0.24996,0.29498,0.22646,0.24996,0.29498,0.22647,0.24993,0.27483,0.22646,0.24981,0.26914,0.22614,0.038066,0.044388,0.029097,24.996,29.498,22.646,24.996,29.498,22.647,24.993,27.483,22.646,24.981,26.914,22.614,3.8066,4.4388,2.9097,2.5304e-09,1.1246e-07,-1.1477e-07,2.6792e-08,1.171e-07,-1.1264e-07,-6.7544e-08,1.2181e-07,-1.1247e-07,-4.9311e-08,1.2898e-07,-1.2761e-07,9.659e-08,1.1444e-07,-1.1101e-07
23.955,0.24996,0.29498,0.22646,0.24996,0.29498,0.22647,0.24993,0.27483,0.22646,0.24981,0.26914,0.22614,0.038066,0.044387,0.029097,24.996,29.498,22.646,24.996,29.498,22.647,24.993,27.483,22.646,24.981,26.914,22.614,3.8066,4.4388,2.9097,-3.2291e-10,1.1681e-07,-1.1997e-07,-5.5667e-08,1.1932e-07,-1.1102e-07,1.1307e-07,1.1314e-07,-1.1316e-07,3.0548e-08,1.3174e-07,-1.2694e-07,2.3144e-08,1.168e-07,-1.1064e-07
24.212,0.24996,0.29498,0.22646,0.24996,0.29498,0.22647,0.24993,0.27483,0.22646,0.24981,0.26914,0.22614,0.038066,0.044388,0.029097,24.996,29.498,22.646,24.996,29.498,22.647,24.993,27.483,22.646,24.981,26.914,22.614,3.8066,4.4387,2.9097,-1.6522e-08,1.1692e-07,-1.1058e-07,7.4638e-08,1.1994e-07,-1.1289e-07,-1.582e-08,1.1501e-07,-1.2012e-07,1.6782e-08,1.3037e-07,-1.2857e-07,-3.4038e-09,1.1806e-07,-1.1088e-07
24.47,0.24996,0.29498,0.22646,0.24996,0.29498,0.22647,0.24993,0.27483,0.22646,0.24981,0.26914,0.22614,0.038066,0.044388,0.029097,24.996,29.498,22.646,24.996,29.498,22.647,24.993,27.483,22.646,24.981,26.914,22.614,3.8066,4.4388,2.9097,1.9634e-08,1.2015e-07,-1.1373e-07,-1.2234e-08,1.1513e-07,-1.0962e-07,4.4755e-08,1.1622e-07,-1.1685e-07,-8.8654e-09,1.2787e-07,-1.239e-07,9.1305e-08,1.1445e-07,-1.125e-07
24.727,0.24996,0.29498,0.22646,0.24996,0.29498,0.22647,0.24993,0.27483,0.22646,0.24981,0.26914,0.22614,0.038066,0.044388,0.029097,24.996,29.498,22.646,24.996,29.498,22.647,24.993,27.483,22.646,24.981,26.914,22.614,3.8066,4.4387,2.9097,-4.6373e-08,1.1782e-07,-1.0878e-07,2.7916e-08,1.1452e-07,-1.1432e-07,-1.621e-09,1.1503e-07,-1.1557e-07,1.9885e-08,1.2309e-07,-1.1177e-07,2.3369e-08,1.1801e-07,-1.0886e-07
24.985,0.24996,0.29498,0.22646,0.24996,0.29498,0.22647,0.24993,0.27483,0.22646,0.24981,0.26914,0.22614,0.038066,0.044388,0.029097,24.996,29.498,22.646,24.996,29.498,22.647,24.993,27.483,22.646,24.981,26.914,22.614,3.8066,4.4387,2.9097,-4.377e-08,1.1371e-07,-1.2074e-07,-4.3115e-09,1.1413e-07,-1.1172e-07,1.5016e-08,1.1926e-07,-1.196e-07,-9.1284e-09,1.0571e-07,-1.2437e-07,1.399e-09,1.1824e-07,-1.1054e-07
25.242,0.24996,0.29498,0.22646,0.24996,0.29498,0.22647,0.24993,0.27483,0.22646,0.24981,0.26914,0.22614,0.038066,0.044388,0.029097,24.996,29.498,22.646,24.996,29.498,22.647,24.993,27.483,22.646,24.981,26.914,22.614,3.8066,4.4387,2.9097,7.0704e-08,1.1428e-07,-7.9016e-08,7.7781e-09,1.1666e-07,-8.2866e-08,2.0196e-09,1.1823e-07,-9.4481e-08,1.5611e-08,1.1973e-07,-1.057e-07,7.3848e-08,1.139e-07,-1.1506e-07
25.5,0.24996,0.29498,0.22646,0.24996,0.29498,0.22647,0.24993,0.27483,0.22646,0.24981,0.26914,0.22614,0.038066,0.044388,0.029097,24.996,29.498,22.646,24.996,29.498,22.647,24.993,27.483,22.646,24.981,26.914,22.614,3.8066,4.4387,2.9097,2.3422e-08,1.1367e-07,2.1642e-09,8.1195e-09,1.0997e-07,2.0987e-09,3.3144e-09,1.1175e-07,2.0314e-09,4.1595e-09,1.2071e-07,1.4884e-09,2.7419e-08,1.1533e-07,2.1478e-09
